lat,lon,sst_anomaly_c,mean_el_nino_nino34_anomaly_c,el_nino_winter_count
-24.5,120.5,,1.616694413666018,25
-24.5,121.5,,1.616694413666018,25
-24.5,122.5,,1.616694413666018,25
-24.5,123.5,,1.616694413666018,25
-24.5,124.5,,1.616694413666018,25
-24.5,125.5,,1.616694413666018,25
-24.5,126.5,,1.616694413666018,25
-24.5,127.5,,1.616694413666018,25
-24.5,128.5,,1.616694413666018,25
-24.5,129.5,,1.616694413666018,25
-24.5,130.5,,1.616694413666018,25
-24.5,131.5,,1.616694413666018,25
-24.5,132.5,,1.616694413666018,25
-24.5,133.5,,1.616694413666018,25
-24.5,134.5,,1.616694413666018,25
-24.5,135.5,,1.616694413666018,25
-24.5,136.5,,1.616694413666018,25
-24.5,137.5,,1.616694413666018,25
-24.5,138.5,,1.616694413666018,25
-24.5,139.5,,1.616694413666018,25
-24.5,140.5,,1.616694413666018,25
-24.5,141.5,,1.616694413666018,25
-24.5,142.5,,1.616694413666018,25
-24.5,143.5,,1.616694413666018,25
-24.5,144.5,,1.616694413666018,25
-24.5,145.5,,1.616694413666018,25
-24.5,146.5,,1.616694413666018,25
-24.5,147.5,,1.616694413666018,25
-24.5,148.5,,1.616694413666018,25
-24.5,149.5,,1.616694413666018,25
-24.5,150.5,,1.616694413666018,25
-24.5,151.5,,1.616694413666018,25
-24.5,152.5,-0.008026695,1.616694413666018,25
-24.5,153.5,-0.032845546,1.616694413666018,25
-24.5,154.5,-0.040027887,1.616694413666018,25
-24.5,155.5,-0.02182231,1.616694413666018,25
-24.5,156.5,-0.01234622,1.616694413666018,25
-24.5,157.5,-0.044405576,1.616694413666018,25
-24.5,158.5,-0.08318781,1.616694413666018,25
-24.5,159.5,-0.1140151,1.616694413666018,25
-24.5,160.5,-0.1441172,1.616694413666018,25
-24.5,161.5,-0.1713284,1.616694413666018,25
-24.5,162.5,-0.19586048,1.616694413666018,25
-24.5,163.5,-0.21800898,1.616694413666018,25
-24.5,164.5,-0.23739432,1.616694413666018,25
-24.5,165.5,-0.25331432,1.616694413666018,25
-24.5,166.5,-0.2659063,1.616694413666018,25
-24.5,167.5,-0.27752894,1.616694413666018,25
-24.5,168.5,-0.28512585,1.616694413666018,25
-24.5,169.5,-0.29108348,1.616694413666018,25
-24.5,170.5,-0.29871333,1.616694413666018,25
-24.5,171.5,-0.3073218,1.616694413666018,25
-24.5,172.5,-0.31599155,1.616694413666018,25
-24.5,173.5,-0.32439452,1.616694413666018,25
-24.5,174.5,-0.33203498,1.616694413666018,25
-24.5,175.5,-0.33774024,1.616694413666018,25
-24.5,176.5,-0.34329578,1.616694413666018,25
-24.5,177.5,-0.3483148,1.616694413666018,25
-24.5,178.5,-0.35248128,1.616694413666018,25
-24.5,179.5,-0.35845035,1.616694413666018,25
-24.5,180.5,-0.3657105,1.616694413666018,25
-24.5,181.5,-0.37196046,1.616694413666018,25
-24.5,182.5,-0.37601277,1.616694413666018,25
-24.5,183.5,-0.37971786,1.616694413666018,25
-24.5,184.5,-0.3862877,1.616694413666018,25
-24.5,185.5,-0.3979153,1.616694413666018,25
-24.5,186.5,-0.40800616,1.616694413666018,25
-24.5,187.5,-0.41363147,1.616694413666018,25
-24.5,188.5,-0.41353816,1.616694413666018,25
-24.5,189.5,-0.40851086,1.616694413666018,25
-24.5,190.5,-0.40007317,1.616694413666018,25
-24.5,191.5,-0.390479,1.616694413666018,25
-24.5,192.5,-0.38188758,1.616694413666018,25
-24.5,193.5,-0.3725645,1.616694413666018,25
-24.5,194.5,-0.36126396,1.616694413666018,25
-24.5,195.5,-0.352623,1.616694413666018,25
-24.5,196.5,-0.3461324,1.616694413666018,25
-24.5,197.5,-0.34266117,1.616694413666018,25
-24.5,198.5,-0.34217083,1.616694413666018,25
-24.5,199.5,-0.34273997,1.616694413666018,25
-24.5,200.5,-0.34209916,1.616694413666018,25
-24.5,201.5,-0.3402064,1.616694413666018,25
-24.5,202.5,-0.34115723,1.616694413666018,25
-24.5,203.5,-0.3389699,1.616694413666018,25
-24.5,204.5,-0.3366066,1.616694413666018,25
-24.5,205.5,-0.33571112,1.616694413666018,25
-24.5,206.5,-0.33284077,1.616694413666018,25
-24.5,207.5,-0.32719535,1.616694413666018,25
-24.5,208.5,-0.3195683,1.616694413666018,25
-24.5,209.5,-0.31113786,1.616694413666018,25
-24.5,210.5,-0.30309477,1.616694413666018,25
-24.5,211.5,-0.29804575,1.616694413666018,25
-24.5,212.5,-0.29491282,1.616694413666018,25
-24.5,213.5,-0.29549158,1.616694413666018,25
-24.5,214.5,-0.29623398,1.616694413666018,25
-24.5,215.5,-0.2953375,1.616694413666018,25
-24.5,216.5,-0.29293975,1.616694413666018,25
-24.5,217.5,-0.29007632,1.616694413666018,25
-24.5,218.5,-0.28722233,1.616694413666018,25
-24.5,219.5,-0.2837769,1.616694413666018,25
-24.5,220.5,-0.27970183,1.616694413666018,25
-24.5,221.5,-0.27343002,1.616694413666018,25
-24.5,222.5,-0.26446915,1.616694413666018,25
-24.5,223.5,-0.25438565,1.616694413666018,25
-24.5,224.5,-0.24367394,1.616694413666018,25
-24.5,225.5,-0.23377827,1.616694413666018,25
-24.5,226.5,-0.22491905,1.616694413666018,25
-24.5,227.5,-0.21568263,1.616694413666018,25
-24.5,228.5,-0.20422976,1.616694413666018,25
-24.5,229.5,-0.19105017,1.616694413666018,25
-24.5,230.5,-0.17614365,1.616694413666018,25
-24.5,231.5,-0.16463119,1.616694413666018,25
-24.5,232.5,-0.15383661,1.616694413666018,25
-24.5,233.5,-0.14377137,1.616694413666018,25
-24.5,234.5,-0.1351887,1.616694413666018,25
-24.5,235.5,-0.1269831,1.616694413666018,25
-24.5,236.5,-0.11679647,1.616694413666018,25
-24.5,237.5,-0.10359202,1.616694413666018,25
-24.5,238.5,-0.090720885,1.616694413666018,25
-24.5,239.5,-0.07809756,1.616694413666018,25
-24.5,240.5,-0.07021277,1.616694413666018,25
-24.5,241.5,-0.06418641,1.616694413666018,25
-24.5,242.5,-0.05894846,1.616694413666018,25
-24.5,243.5,-0.054176275,1.616694413666018,25
-24.5,244.5,-0.04947176,1.616694413666018,25
-24.5,245.5,-0.04471676,1.616694413666018,25
-24.5,246.5,-0.039950877,1.616694413666018,25
-24.5,247.5,-0.03309248,1.616694413666018,25
-24.5,248.5,-0.021390906,1.616694413666018,25
-24.5,249.5,-0.00970974,1.616694413666018,25
-24.5,250.5,0.0006910229,1.616694413666018,25
-24.5,251.5,0.009338941,1.616694413666018,25
-24.5,252.5,0.016894074,1.616694413666018,25
-24.5,253.5,0.024547167,1.616694413666018,25
-24.5,254.5,0.03309163,1.616694413666018,25
-24.5,255.5,0.042343684,1.616694413666018,25
-24.5,256.5,0.051832084,1.616694413666018,25
-24.5,257.5,0.06367172,1.616694413666018,25
-24.5,258.5,0.07706946,1.616694413666018,25
-24.5,259.5,0.09502354,1.616694413666018,25
-24.5,260.5,0.1136565,1.616694413666018,25
-24.5,261.5,0.13218252,1.616694413666018,25
-24.5,262.5,0.15074301,1.616694413666018,25
-24.5,263.5,0.16956909,1.616694413666018,25
-24.5,264.5,0.18868138,1.616694413666018,25
-24.5,265.5,0.20709942,1.616694413666018,25
-24.5,266.5,0.22590917,1.616694413666018,25
-24.5,267.5,0.24060094,1.616694413666018,25
-24.5,268.5,0.25426656,1.616694413666018,25
-24.5,269.5,0.26685017,1.616694413666018,25
-24.5,270.5,0.28026918,1.616694413666018,25
-24.5,271.5,0.2936087,1.616694413666018,25
-24.5,272.5,0.30454692,1.616694413666018,25
-24.5,273.5,0.31242183,1.616694413666018,25
-24.5,274.5,0.3182621,1.616694413666018,25
-24.5,275.5,0.32464495,1.616694413666018,25
-24.5,276.5,0.3283611,1.616694413666018,25
-24.5,277.5,0.32909524,1.616694413666018,25
-24.5,278.5,0.32557988,1.616694413666018,25
-24.5,279.5,0.3148201,1.616694413666018,25
-24.5,280.5,0.2981092,1.616694413666018,25
-24.5,281.5,0.28226712,1.616694413666018,25
-24.5,282.5,0.2743436,1.616694413666018,25
-24.5,283.5,0.2681429,1.616694413666018,25
-24.5,284.5,0.2634717,1.616694413666018,25
-24.5,285.5,0.261557,1.616694413666018,25
-24.5,286.5,0.27248827,1.616694413666018,25
-24.5,287.5,0.30278993,1.616694413666018,25
-24.5,288.5,0.3364943,1.616694413666018,25
-24.5,289.5,0.35425735,1.616694413666018,25
-23.5,120.5,,1.616694413666018,25
-23.5,121.5,,1.616694413666018,25
-23.5,122.5,,1.616694413666018,25
-23.5,123.5,,1.616694413666018,25
-23.5,124.5,,1.616694413666018,25
-23.5,125.5,,1.616694413666018,25
-23.5,126.5,,1.616694413666018,25
-23.5,127.5,,1.616694413666018,25
-23.5,128.5,,1.616694413666018,25
-23.5,129.5,,1.616694413666018,25
-23.5,130.5,,1.616694413666018,25
-23.5,131.5,,1.616694413666018,25
-23.5,132.5,,1.616694413666018,25
-23.5,133.5,,1.616694413666018,25
-23.5,134.5,,1.616694413666018,25
-23.5,135.5,,1.616694413666018,25
-23.5,136.5,,1.616694413666018,25
-23.5,137.5,,1.616694413666018,25
-23.5,138.5,,1.616694413666018,25
-23.5,139.5,,1.616694413666018,25
-23.5,140.5,,1.616694413666018,25
-23.5,141.5,,1.616694413666018,25
-23.5,142.5,,1.616694413666018,25
-23.5,143.5,,1.616694413666018,25
-23.5,144.5,,1.616694413666018,25
-23.5,145.5,,1.616694413666018,25
-23.5,146.5,,1.616694413666018,25
-23.5,147.5,,1.616694413666018,25
-23.5,148.5,,1.616694413666018,25
-23.5,149.5,,1.616694413666018,25
-23.5,150.5,,1.616694413666018,25
-23.5,151.5,-0.019846143,1.616694413666018,25
-23.5,152.5,-0.04613056,1.616694413666018,25
-23.5,153.5,-0.0759838,1.616694413666018,25
-23.5,154.5,-0.08172326,1.616694413666018,25
-23.5,155.5,-0.06661173,1.616694413666018,25
-23.5,156.5,-0.06827344,1.616694413666018,25
-23.5,157.5,-0.105519526,1.616694413666018,25
-23.5,158.5,-0.1459391,1.616694413666018,25
-23.5,159.5,-0.17860855,1.616694413666018,25
-23.5,160.5,-0.21122335,1.616694413666018,25
-23.5,161.5,-0.24057516,1.616694413666018,25
-23.5,162.5,-0.26572075,1.616694413666018,25
-23.5,163.5,-0.28676328,1.616694413666018,25
-23.5,164.5,-0.30371442,1.616694413666018,25
-23.5,165.5,-0.31670165,1.616694413666018,25
-23.5,166.5,-0.32898316,1.616694413666018,25
-23.5,167.5,-0.3424932,1.616694413666018,25
-23.5,168.5,-0.34900582,1.616694413666018,25
-23.5,169.5,-0.3537707,1.616694413666018,25
-23.5,170.5,-0.35953766,1.616694413666018,25
-23.5,171.5,-0.3665554,1.616694413666018,25
-23.5,172.5,-0.37466753,1.616694413666018,25
-23.5,173.5,-0.3834057,1.616694413666018,25
-23.5,174.5,-0.3916242,1.616694413666018,25
-23.5,175.5,-0.3982859,1.616694413666018,25
-23.5,176.5,-0.4046892,1.616694413666018,25
-23.5,177.5,-0.4093791,1.616694413666018,25
-23.5,178.5,-0.41344604,1.616694413666018,25
-23.5,179.5,-0.4191343,1.616694413666018,25
-23.5,180.5,-0.42472175,1.616694413666018,25
-23.5,181.5,-0.42791083,1.616694413666018,25
-23.5,182.5,-0.42819047,1.616694413666018,25
-23.5,183.5,-0.428028,1.616694413666018,25
-23.5,184.5,-0.4329139,1.616694413666018,25
-23.5,185.5,-0.44419926,1.616694413666018,25
-23.5,186.5,-0.4520739,1.616694413666018,25
-23.5,187.5,-0.45270017,1.616694413666018,25
-23.5,188.5,-0.44710237,1.616694413666018,25
-23.5,189.5,-0.4380191,1.616694413666018,25
-23.5,190.5,-0.42778483,1.616694413666018,25
-23.5,191.5,-0.41806892,1.616694413666018,25
-23.5,192.5,-0.40945312,1.616694413666018,25
-23.5,193.5,-0.39884326,1.616694413666018,25
-23.5,194.5,-0.38691735,1.616694413666018,25
-23.5,195.5,-0.3767132,1.616694413666018,25
-23.5,196.5,-0.36783913,1.616694413666018,25
-23.5,197.5,-0.36128938,1.616694413666018,25
-23.5,198.5,-0.35696122,1.616694413666018,25
-23.5,199.5,-0.35314137,1.616694413666018,25
-23.5,200.5,-0.34814176,1.616694413666018,25
-23.5,201.5,-0.34260488,1.616694413666018,25
-23.5,202.5,-0.34084004,1.616694413666018,25
-23.5,203.5,-0.33757454,1.616694413666018,25
-23.5,204.5,-0.33283168,1.616694413666018,25
-23.5,205.5,-0.32869583,1.616694413666018,25
-23.5,206.5,-0.32207367,1.616694413666018,25
-23.5,207.5,-0.3122636,1.616694413666018,25
-23.5,208.5,-0.30054855,1.616694413666018,25
-23.5,209.5,-0.28890586,1.616694413666018,25
-23.5,210.5,-0.27880946,1.616694413666018,25
-23.5,211.5,-0.27098686,1.616694413666018,25
-23.5,212.5,-0.26434126,1.616694413666018,25
-23.5,213.5,-0.25802308,1.616694413666018,25
-23.5,214.5,-0.25156343,1.616694413666018,25
-23.5,215.5,-0.24509698,1.616694413666018,25
-23.5,216.5,-0.23942299,1.616694413666018,25
-23.5,217.5,-0.23470962,1.616694413666018,25
-23.5,218.5,-0.23004422,1.616694413666018,25
-23.5,219.5,-0.22392216,1.616694413666018,25
-23.5,220.5,-0.2157156,1.616694413666018,25
-23.5,221.5,-0.20369728,1.616694413666018,25
-23.5,222.5,-0.19017401,1.616694413666018,25
-23.5,223.5,-0.17727101,1.616694413666018,25
-23.5,224.5,-0.16664204,1.616694413666018,25
-23.5,225.5,-0.15676866,1.616694413666018,25
-23.5,226.5,-0.14591846,1.616694413666018,25
-23.5,227.5,-0.13256732,1.616694413666018,25
-23.5,228.5,-0.11576557,1.616694413666018,25
-23.5,229.5,-0.09801158,1.616694413666018,25
-23.5,230.5,-0.07933094,1.616694413666018,25
-23.5,231.5,-0.065331504,1.616694413666018,25
-23.5,232.5,-0.053960983,1.616694413666018,25
-23.5,233.5,-0.044569787,1.616694413666018,25
-23.5,234.5,-0.035567712,1.616694413666018,25
-23.5,235.5,-0.025212526,1.616694413666018,25
-23.5,236.5,-0.01262557,1.616694413666018,25
-23.5,237.5,0.0015690422,1.616694413666018,25
-23.5,238.5,0.015654078,1.616694413666018,25
-23.5,239.5,0.026241388,1.616694413666018,25
-23.5,240.5,0.030225478,1.616694413666018,25
-23.5,241.5,0.03336026,1.616694413666018,25
-23.5,242.5,0.03818717,1.616694413666018,25
-23.5,243.5,0.04435425,1.616694413666018,25
-23.5,244.5,0.05085681,1.616694413666018,25
-23.5,245.5,0.056837723,1.616694413666018,25
-23.5,246.5,0.06211839,1.616694413666018,25
-23.5,247.5,0.06861318,1.616694413666018,25
-23.5,248.5,0.077383235,1.616694413666018,25
-23.5,249.5,0.08548111,1.616694413666018,25
-23.5,250.5,0.09176872,1.616694413666018,25
-23.5,251.5,0.09703251,1.616694413666018,25
-23.5,252.5,0.10229519,1.616694413666018,25
-23.5,253.5,0.10820753,1.616694413666018,25
-23.5,254.5,0.115041696,1.616694413666018,25
-23.5,255.5,0.12293411,1.616694413666018,25
-23.5,256.5,0.13203397,1.616694413666018,25
-23.5,257.5,0.1435015,1.616694413666018,25
-23.5,258.5,0.15807231,1.616694413666018,25
-23.5,259.5,0.17578848,1.616694413666018,25
-23.5,260.5,0.19418362,1.616694413666018,25
-23.5,261.5,0.21231441,1.616694413666018,25
-23.5,262.5,0.22959271,1.616694413666018,25
-23.5,263.5,0.24589157,1.616694413666018,25
-23.5,264.5,0.2616698,1.616694413666018,25
-23.5,265.5,0.27692187,1.616694413666018,25
-23.5,266.5,0.29255226,1.616694413666018,25
-23.5,267.5,0.30435544,1.616694413666018,25
-23.5,268.5,0.31603324,1.616694413666018,25
-23.5,269.5,0.3258848,1.616694413666018,25
-23.5,270.5,0.33389214,1.616694413666018,25
-23.5,271.5,0.34024787,1.616694413666018,25
-23.5,272.5,0.34511054,1.616694413666018,25
-23.5,273.5,0.34872168,1.616694413666018,25
-23.5,274.5,0.35128134,1.616694413666018,25
-23.5,275.5,0.35428637,1.616694413666018,25
-23.5,276.5,0.3561613,1.616694413666018,25
-23.5,277.5,0.35482812,1.616694413666018,25
-23.5,278.5,0.34745383,1.616694413666018,25
-23.5,279.5,0.3316836,1.616694413666018,25
-23.5,280.5,0.31099847,1.616694413666018,25
-23.5,281.5,0.29303375,1.616694413666018,25
-23.5,282.5,0.28367364,1.616694413666018,25
-23.5,283.5,0.2799995,1.616694413666018,25
-23.5,284.5,0.28019947,1.616694413666018,25
-23.5,285.5,0.28117573,1.616694413666018,25
-23.5,286.5,0.2890478,1.616694413666018,25
-23.5,287.5,0.31608796,1.616694413666018,25
-23.5,288.5,0.35259128,1.616694413666018,25
-23.5,289.5,0.3744194,1.616694413666018,25
-22.5,120.5,,1.616694413666018,25
-22.5,121.5,,1.616694413666018,25
-22.5,122.5,,1.616694413666018,25
-22.5,123.5,,1.616694413666018,25
-22.5,124.5,,1.616694413666018,25
-22.5,125.5,,1.616694413666018,25
-22.5,126.5,,1.616694413666018,25
-22.5,127.5,,1.616694413666018,25
-22.5,128.5,,1.616694413666018,25
-22.5,129.5,,1.616694413666018,25
-22.5,130.5,,1.616694413666018,25
-22.5,131.5,,1.616694413666018,25
-22.5,132.5,,1.616694413666018,25
-22.5,133.5,,1.616694413666018,25
-22.5,134.5,,1.616694413666018,25
-22.5,135.5,,1.616694413666018,25
-22.5,136.5,,1.616694413666018,25
-22.5,137.5,,1.616694413666018,25
-22.5,138.5,,1.616694413666018,25
-22.5,139.5,,1.616694413666018,25
-22.5,140.5,,1.616694413666018,25
-22.5,141.5,,1.616694413666018,25
-22.5,142.5,,1.616694413666018,25
-22.5,143.5,,1.616694413666018,25
-22.5,144.5,,1.616694413666018,25
-22.5,145.5,,1.616694413666018,25
-22.5,146.5,,1.616694413666018,25
-22.5,147.5,,1.616694413666018,25
-22.5,148.5,,1.616694413666018,25
-22.5,149.5,,1.616694413666018,25
-22.5,150.5,0.010545893,1.616694413666018,25
-22.5,151.5,-0.04745569,1.616694413666018,25
-22.5,152.5,-0.09580348,1.616694413666018,25
-22.5,153.5,-0.1274305,1.616694413666018,25
-22.5,154.5,-0.13172978,1.616694413666018,25
-22.5,155.5,-0.12232079,1.616694413666018,25
-22.5,156.5,-0.1316117,1.616694413666018,25
-22.5,157.5,-0.17062935,1.616694413666018,25
-22.5,158.5,-0.20906444,1.616694413666018,25
-22.5,159.5,-0.23997046,1.616694413666018,25
-22.5,160.5,-0.2703846,1.616694413666018,25
-22.5,161.5,-0.29868826,1.616694413666018,25
-22.5,162.5,-0.32447347,1.616694413666018,25
-22.5,163.5,-0.34684327,1.616694413666018,25
-22.5,164.5,-0.36255118,1.616694413666018,25
-22.5,165.5,-0.37008834,1.616694413666018,25
-22.5,166.5,-0.38592476,1.616694413666018,25
-22.5,167.5,-0.40272835,1.616694413666018,25
-22.5,168.5,-0.40927583,1.616694413666018,25
-22.5,169.5,-0.4130323,1.616694413666018,25
-22.5,170.5,-0.41734052,1.616694413666018,25
-22.5,171.5,-0.42345306,1.616694413666018,25
-22.5,172.5,-0.43081677,1.616694413666018,25
-22.5,173.5,-0.43822655,1.616694413666018,25
-22.5,174.5,-0.44507107,1.616694413666018,25
-22.5,175.5,-0.4516122,1.616694413666018,25
-22.5,176.5,-0.4585729,1.616694413666018,25
-22.5,177.5,-0.46387088,1.616694413666018,25
-22.5,178.5,-0.4665422,1.616694413666018,25
-22.5,179.5,-0.46768656,1.616694413666018,25
-22.5,180.5,-0.46844223,1.616694413666018,25
-22.5,181.5,-0.46854943,1.616694413666018,25
-22.5,182.5,-0.46767983,1.616694413666018,25
-22.5,183.5,-0.46743587,1.616694413666018,25
-22.5,184.5,-0.4720613,1.616694413666018,25
-22.5,185.5,-0.48169288,1.616694413666018,25
-22.5,186.5,-0.4868156,1.616694413666018,25
-22.5,187.5,-0.48372918,1.616694413666018,25
-22.5,188.5,-0.47488946,1.616694413666018,25
-22.5,189.5,-0.46369117,1.616694413666018,25
-22.5,190.5,-0.45295578,1.616694413666018,25
-22.5,191.5,-0.44347727,1.616694413666018,25
-22.5,192.5,-0.43388882,1.616694413666018,25
-22.5,193.5,-0.42342824,1.616694413666018,25
-22.5,194.5,-0.40907493,1.616694413666018,25
-22.5,195.5,-0.39425963,1.616694413666018,25
-22.5,196.5,-0.38111904,1.616694413666018,25
-22.5,197.5,-0.37083653,1.616694413666018,25
-22.5,198.5,-0.36275136,1.616694413666018,25
-22.5,199.5,-0.3552169,1.616694413666018,25
-22.5,200.5,-0.34700122,1.616694413666018,25
-22.5,201.5,-0.33836088,1.616694413666018,25
-22.5,202.5,-0.330952,1.616694413666018,25
-22.5,203.5,-0.32210428,1.616694413666018,25
-22.5,204.5,-0.3136969,1.616694413666018,25
-22.5,205.5,-0.3048316,1.616694413666018,25
-22.5,206.5,-0.2934229,1.616694413666018,25
-22.5,207.5,-0.2789617,1.616694413666018,25
-22.5,208.5,-0.2635095,1.616694413666018,25
-22.5,209.5,-0.24979736,1.616694413666018,25
-22.5,210.5,-0.23870702,1.616694413666018,25
-22.5,211.5,-0.22873886,1.616694413666018,25
-22.5,212.5,-0.21558762,1.616694413666018,25
-22.5,213.5,-0.20242073,1.616694413666018,25
-22.5,214.5,-0.19082671,1.616694413666018,25
-22.5,215.5,-0.18101686,1.616694413666018,25
-22.5,216.5,-0.17266755,1.616694413666018,25
-22.5,217.5,-0.16498905,1.616694413666018,25
-22.5,218.5,-0.15680918,1.616694413666018,25
-22.5,219.5,-0.14689308,1.616694413666018,25
-22.5,220.5,-0.13487534,1.616694413666018,25
-22.5,221.5,-0.118694946,1.616694413666018,25
-22.5,222.5,-0.10341844,1.616694413666018,25
-22.5,223.5,-0.089047946,1.616694413666018,25
-22.5,224.5,-0.07733976,1.616694413666018,25
-22.5,225.5,-0.06559322,1.616694413666018,25
-22.5,226.5,-0.051346816,1.616694413666018,25
-22.5,227.5,-0.03368862,1.616694413666018,25
-22.5,228.5,-0.013434115,1.616694413666018,25
-22.5,229.5,0.0058582113,1.616694413666018,25
-22.5,230.5,0.024839915,1.616694413666018,25
-22.5,231.5,0.037871018,1.616694413666018,25
-22.5,232.5,0.048089694,1.616694413666018,25
-22.5,233.5,0.057809018,1.616694413666018,25
-22.5,234.5,0.068883754,1.616694413666018,25
-22.5,235.5,0.0818557,1.616694413666018,25
-22.5,236.5,0.0959914,1.616694413666018,25
-22.5,237.5,0.1098505,1.616694413666018,25
-22.5,238.5,0.12175605,1.616694413666018,25
-22.5,239.5,0.13021238,1.616694413666018,25
-22.5,240.5,0.13171001,1.616694413666018,25
-22.5,241.5,0.13264626,1.616694413666018,25
-22.5,242.5,0.13608944,1.616694413666018,25
-22.5,243.5,0.14143607,1.616694413666018,25
-22.5,244.5,0.14679532,1.616694413666018,25
-22.5,245.5,0.15086025,1.616694413666018,25
-22.5,246.5,0.15400364,1.616694413666018,25
-22.5,247.5,0.1582101,1.616694413666018,25
-22.5,248.5,0.16308826,1.616694413666018,25
-22.5,249.5,0.16681965,1.616694413666018,25
-22.5,250.5,0.1699892,1.616694413666018,25
-22.5,251.5,0.17350937,1.616694413666018,25
-22.5,252.5,0.17784439,1.616694413666018,25
-22.5,253.5,0.18321317,1.616694413666018,25
-22.5,254.5,0.18981266,1.616694413666018,25
-22.5,255.5,0.19791602,1.616694413666018,25
-22.5,256.5,0.20741673,1.616694413666018,25
-22.5,257.5,0.22071312,1.616694413666018,25
-22.5,258.5,0.23591787,1.616694413666018,25
-22.5,259.5,0.25266632,1.616694413666018,25
-22.5,260.5,0.26934075,1.616694413666018,25
-22.5,261.5,0.28518516,1.616694413666018,25
-22.5,262.5,0.29963776,1.616694413666018,25
-22.5,263.5,0.3125616,1.616694413666018,25
-22.5,264.5,0.3244644,1.616694413666018,25
-22.5,265.5,0.33578804,1.616694413666018,25
-22.5,266.5,0.34782082,1.616694413666018,25
-22.5,267.5,0.35773212,1.616694413666018,25
-22.5,268.5,0.36800122,1.616694413666018,25
-22.5,269.5,0.3748992,1.616694413666018,25
-22.5,270.5,0.37830654,1.616694413666018,25
-22.5,271.5,0.37938476,1.616694413666018,25
-22.5,272.5,0.37914795,1.616694413666018,25
-22.5,273.5,0.3779214,1.616694413666018,25
-22.5,274.5,0.3757041,1.616694413666018,25
-22.5,275.5,0.3737244,1.616694413666018,25
-22.5,276.5,0.37215045,1.616694413666018,25
-22.5,277.5,0.36739272,1.616694413666018,25
-22.5,278.5,0.35648155,1.616694413666018,25
-22.5,279.5,0.339204,1.616694413666018,25
-22.5,280.5,0.3192783,1.616694413666018,25
-22.5,281.5,0.30195913,1.616694413666018,25
-22.5,282.5,0.29047695,1.616694413666018,25
-22.5,283.5,0.28347003,1.616694413666018,25
-22.5,284.5,0.28503504,1.616694413666018,25
-22.5,285.5,0.28729117,1.616694413666018,25
-22.5,286.5,0.2936132,1.616694413666018,25
-22.5,287.5,0.320317,1.616694413666018,25
-22.5,288.5,0.36261916,1.616694413666018,25
-22.5,289.5,0.39010513,1.616694413666018,25
-21.5,120.5,,1.616694413666018,25
-21.5,121.5,,1.616694413666018,25
-21.5,122.5,,1.616694413666018,25
-21.5,123.5,,1.616694413666018,25
-21.5,124.5,,1.616694413666018,25
-21.5,125.5,,1.616694413666018,25
-21.5,126.5,,1.616694413666018,25
-21.5,127.5,,1.616694413666018,25
-21.5,128.5,,1.616694413666018,25
-21.5,129.5,,1.616694413666018,25
-21.5,130.5,,1.616694413666018,25
-21.5,131.5,,1.616694413666018,25
-21.5,132.5,,1.616694413666018,25
-21.5,133.5,,1.616694413666018,25
-21.5,134.5,,1.616694413666018,25
-21.5,135.5,,1.616694413666018,25
-21.5,136.5,,1.616694413666018,25
-21.5,137.5,,1.616694413666018,25
-21.5,138.5,,1.616694413666018,25
-21.5,139.5,,1.616694413666018,25
-21.5,140.5,,1.616694413666018,25
-21.5,141.5,,1.616694413666018,25
-21.5,142.5,,1.616694413666018,25
-21.5,143.5,,1.616694413666018,25
-21.5,144.5,,1.616694413666018,25
-21.5,145.5,,1.616694413666018,25
-21.5,146.5,,1.616694413666018,25
-21.5,147.5,,1.616694413666018,25
-21.5,148.5,,1.616694413666018,25
-21.5,149.5,,1.616694413666018,25
-21.5,150.5,,1.616694413666018,25
-21.5,151.5,,1.616694413666018,25
-21.5,152.5,-0.16106926,1.616694413666018,25
-21.5,153.5,-0.17536205,1.616694413666018,25
-21.5,154.5,-0.1820065,1.616694413666018,25
-21.5,155.5,-0.18352194,1.616694413666018,25
-21.5,156.5,-0.20344959,1.616694413666018,25
-21.5,157.5,-0.24247852,1.616694413666018,25
-21.5,158.5,-0.27677956,1.616694413666018,25
-21.5,159.5,-0.30433202,1.616694413666018,25
-21.5,160.5,-0.33054534,1.616694413666018,25
-21.5,161.5,-0.3557745,1.616694413666018,25
-21.5,162.5,-0.38122243,1.616694413666018,25
-21.5,163.5,-0.40601504,1.616694413666018,25
-21.5,164.5,-0.4211896,1.616694413666018,25
-21.5,165.5,-0.41990697,1.616694413666018,25
-21.5,166.5,-0.44654682,1.616694413666018,25
-21.5,167.5,-0.45937413,1.616694413666018,25
-21.5,168.5,-0.46303803,1.616694413666018,25
-21.5,169.5,-0.46444747,1.616694413666018,25
-21.5,170.5,-0.46720588,1.616694413666018,25
-21.5,171.5,-0.4719821,1.616694413666018,25
-21.5,172.5,-0.47786865,1.616694413666018,25
-21.5,173.5,-0.48362145,1.616694413666018,25
-21.5,174.5,-0.48868263,1.616694413666018,25
-21.5,175.5,-0.4939634,1.616694413666018,25
-21.5,176.5,-0.5007843,1.616694413666018,25
-21.5,177.5,-0.5043579,1.616694413666018,25
-21.5,178.5,-0.50299895,1.616694413666018,25
-21.5,179.5,-0.49967384,1.616694413666018,25
-21.5,180.5,-0.49771312,1.616694413666018,25
-21.5,181.5,-0.4973956,1.616694413666018,25
-21.5,182.5,-0.49748954,1.616694413666018,25
-21.5,183.5,-0.4981586,1.616694413666018,25
-21.5,184.5,-0.5014808,1.616694413666018,25
-21.5,185.5,-0.50688756,1.616694413666018,25
-21.5,186.5,-0.5075668,1.616694413666018,25
-21.5,187.5,-0.5022476,1.616694413666018,25
-21.5,188.5,-0.4933137,1.616694413666018,25
-21.5,189.5,-0.48229533,1.616694413666018,25
-21.5,190.5,-0.471226,1.616694413666018,25
-21.5,191.5,-0.4602187,1.616694413666018,25
-21.5,192.5,-0.44701767,1.616694413666018,25
-21.5,193.5,-0.43432975,1.616694413666018,25
-21.5,194.5,-0.41460067,1.616694413666018,25
-21.5,195.5,-0.39416105,1.616694413666018,25
-21.5,196.5,-0.37590724,1.616694413666018,25
-21.5,197.5,-0.3616563,1.616694413666018,25
-21.5,198.5,-0.35069683,1.616694413666018,25
-21.5,199.5,-0.3406349,1.616694413666018,25
-21.5,200.5,-0.32926977,1.616694413666018,25
-21.5,201.5,-0.3162264,1.616694413666018,25
-21.5,202.5,-0.30322966,1.616694413666018,25
-21.5,203.5,-0.2870397,1.616694413666018,25
-21.5,204.5,-0.27614978,1.616694413666018,25
-21.5,205.5,-0.26425496,1.616694413666018,25
-21.5,206.5,-0.24886562,1.616694413666018,25
-21.5,207.5,-0.23086554,1.616694413666018,25
-21.5,208.5,-0.21297577,1.616694413666018,25
-21.5,209.5,-0.19745004,1.616694413666018,25
-21.5,210.5,-0.18408771,1.616694413666018,25
-21.5,211.5,-0.16930142,1.616694413666018,25
-21.5,212.5,-0.14936773,1.616694413666018,25
-21.5,213.5,-0.13230973,1.616694413666018,25
-21.5,214.5,-0.117891066,1.616694413666018,25
-21.5,215.5,-0.10518395,1.616694413666018,25
-21.5,216.5,-0.09305868,1.616694413666018,25
-21.5,217.5,-0.080832474,1.616694413666018,25
-21.5,218.5,-0.067921765,1.616694413666018,25
-21.5,219.5,-0.05373882,1.616694413666018,25
-21.5,220.5,-0.038868066,1.616694413666018,25
-21.5,221.5,-0.02056286,1.616694413666018,25
-21.5,222.5,-0.0039336397,1.616694413666018,25
-21.5,223.5,0.013029175,1.616694413666018,25
-21.5,224.5,0.028477363,1.616694413666018,25
-21.5,225.5,0.044265997,1.616694413666018,25
-21.5,226.5,0.062112883,1.616694413666018,25
-21.5,227.5,0.08213063,1.616694413666018,25
-21.5,228.5,0.10260125,1.616694413666018,25
-21.5,229.5,0.11984966,1.616694413666018,25
-21.5,230.5,0.13535264,1.616694413666018,25
-21.5,231.5,0.1460084,1.616694413666018,25
-21.5,232.5,0.15533859,1.616694413666018,25
-21.5,233.5,0.16559348,1.616694413666018,25
-21.5,234.5,0.177404,1.616694413666018,25
-21.5,235.5,0.19066688,1.616694413666018,25
-21.5,236.5,0.2044483,1.616694413666018,25
-21.5,237.5,0.21689843,1.616694413666018,25
-21.5,238.5,0.22592522,1.616694413666018,25
-21.5,239.5,0.23031992,1.616694413666018,25
-21.5,240.5,0.23015833,1.616694413666018,25
-21.5,241.5,0.23003817,1.616694413666018,25
-21.5,242.5,0.23119803,1.616694413666018,25
-21.5,243.5,0.23326874,1.616694413666018,25
-21.5,244.5,0.23507257,1.616694413666018,25
-21.5,245.5,0.23576744,1.616694413666018,25
-21.5,246.5,0.23568058,1.616694413666018,25
-21.5,247.5,0.23601168,1.616694413666018,25
-21.5,248.5,0.23742361,1.616694413666018,25
-21.5,249.5,0.23865765,1.616694413666018,25
-21.5,250.5,0.24102096,1.616694413666018,25
-21.5,251.5,0.24440056,1.616694413666018,25
-21.5,252.5,0.24870278,1.616694413666018,25
-21.5,253.5,0.25411233,1.616694413666018,25
-21.5,254.5,0.26103225,1.616694413666018,25
-21.5,255.5,0.26989055,1.616694413666018,25
-21.5,256.5,0.28078327,1.616694413666018,25
-21.5,257.5,0.29627007,1.616694413666018,25
-21.5,258.5,0.3108688,1.616694413666018,25
-21.5,259.5,0.3248931,1.616694413666018,25
-21.5,260.5,0.3380256,1.616694413666018,25
-21.5,261.5,0.35008162,1.616694413666018,25
-21.5,262.5,0.36048377,1.616694413666018,25
-21.5,263.5,0.36900428,1.616694413666018,25
-21.5,264.5,0.37642926,1.616694413666018,25
-21.5,265.5,0.3839722,1.616694413666018,25
-21.5,266.5,0.3935678,1.616694413666018,25
-21.5,267.5,0.40214866,1.616694413666018,25
-21.5,268.5,0.4106101,1.616694413666018,25
-21.5,269.5,0.41458637,1.616694413666018,25
-21.5,270.5,0.41514683,1.616694413666018,25
-21.5,271.5,0.41307595,1.616694413666018,25
-21.5,272.5,0.40850326,1.616694413666018,25
-21.5,273.5,0.40214765,1.616694413666018,25
-21.5,274.5,0.39434552,1.616694413666018,25
-21.5,275.5,0.38530484,1.616694413666018,25
-21.5,276.5,0.3776835,1.616694413666018,25
-21.5,277.5,0.3680899,1.616694413666018,25
-21.5,278.5,0.3546787,1.616694413666018,25
-21.5,279.5,0.338089,1.616694413666018,25
-21.5,280.5,0.32087356,1.616694413666018,25
-21.5,281.5,0.30487534,1.616694413666018,25
-21.5,282.5,0.2900044,1.616694413666018,25
-21.5,283.5,0.278229,1.616694413666018,25
-21.5,284.5,0.2766841,1.616694413666018,25
-21.5,285.5,0.2785495,1.616694413666018,25
-21.5,286.5,0.2900891,1.616694413666018,25
-21.5,287.5,0.3203268,1.616694413666018,25
-21.5,288.5,0.36558053,1.616694413666018,25
-21.5,289.5,0.39495277,1.616694413666018,25
-20.5,120.5,,1.616694413666018,25
-20.5,121.5,,1.616694413666018,25
-20.5,122.5,,1.616694413666018,25
-20.5,123.5,,1.616694413666018,25
-20.5,124.5,,1.616694413666018,25
-20.5,125.5,,1.616694413666018,25
-20.5,126.5,,1.616694413666018,25
-20.5,127.5,,1.616694413666018,25
-20.5,128.5,,1.616694413666018,25
-20.5,129.5,,1.616694413666018,25
-20.5,130.5,,1.616694413666018,25
-20.5,131.5,,1.616694413666018,25
-20.5,132.5,,1.616694413666018,25
-20.5,133.5,,1.616694413666018,25
-20.5,134.5,,1.616694413666018,25
-20.5,135.5,,1.616694413666018,25
-20.5,136.5,,1.616694413666018,25
-20.5,137.5,,1.616694413666018,25
-20.5,138.5,,1.616694413666018,25
-20.5,139.5,,1.616694413666018,25
-20.5,140.5,,1.616694413666018,25
-20.5,141.5,,1.616694413666018,25
-20.5,142.5,,1.616694413666018,25
-20.5,143.5,,1.616694413666018,25
-20.5,144.5,,1.616694413666018,25
-20.5,145.5,,1.616694413666018,25
-20.5,146.5,,1.616694413666018,25
-20.5,147.5,,1.616694413666018,25
-20.5,148.5,,1.616694413666018,25
-20.5,149.5,-0.12805839,1.616694413666018,25
-20.5,150.5,-0.16447069,1.616694413666018,25
-20.5,151.5,-0.18255493,1.616694413666018,25
-20.5,152.5,-0.19973828,1.616694413666018,25
-20.5,153.5,-0.21878262,1.616694413666018,25
-20.5,154.5,-0.23480639,1.616694413666018,25
-20.5,155.5,-0.25216004,1.616694413666018,25
-20.5,156.5,-0.2823105,1.616694413666018,25
-20.5,157.5,-0.31757098,1.616694413666018,25
-20.5,158.5,-0.3482962,1.616694413666018,25
-20.5,159.5,-0.37240142,1.616694413666018,25
-20.5,160.5,-0.39650208,1.616694413666018,25
-20.5,161.5,-0.4202484,1.616694413666018,25
-20.5,162.5,-0.44377807,1.616694413666018,25
-20.5,163.5,-0.4668525,1.616694413666018,25
-20.5,164.5,-0.48809773,1.616694413666018,25
-20.5,165.5,-0.5035613,1.616694413666018,25
-20.5,166.5,-0.50396836,1.616694413666018,25
-20.5,167.5,-0.50837916,1.616694413666018,25
-20.5,168.5,-0.5075009,1.616694413666018,25
-20.5,169.5,-0.5056965,1.616694413666018,25
-20.5,170.5,-0.50551796,1.616694413666018,25
-20.5,171.5,-0.50772715,1.616694413666018,25
-20.5,172.5,-0.5120072,1.616694413666018,25
-20.5,173.5,-0.5172773,1.616694413666018,25
-20.5,174.5,-0.5223833,1.616694413666018,25
-20.5,175.5,-0.5278647,1.616694413666018,25
-20.5,176.5,-0.53379846,1.616694413666018,25
-20.5,177.5,-0.53232086,1.616694413666018,25
-20.5,178.5,-0.52454615,1.616694413666018,25
-20.5,179.5,-0.51824015,1.616694413666018,25
-20.5,180.5,-0.5160803,1.616694413666018,25
-20.5,181.5,-0.51620936,1.616694413666018,25
-20.5,182.5,-0.516249,1.616694413666018,25
-20.5,183.5,-0.51639825,1.616694413666018,25
-20.5,184.5,-0.51711756,1.616694413666018,25
-20.5,185.5,-0.5172633,1.616694413666018,25
-20.5,186.5,-0.5142804,1.616694413666018,25
-20.5,187.5,-0.5063266,1.616694413666018,25
-20.5,188.5,-0.49560678,1.616694413666018,25
-20.5,189.5,-0.48399,1.616694413666018,25
-20.5,190.5,-0.4722595,1.616694413666018,25
-20.5,191.5,-0.45893016,1.616694413666018,25
-20.5,192.5,-0.4415171,1.616694413666018,25
-20.5,193.5,-0.42310593,1.616694413666018,25
-20.5,194.5,-0.39728275,1.616694413666018,25
-20.5,195.5,-0.3726125,1.616694413666018,25
-20.5,196.5,-0.35100564,1.616694413666018,25
-20.5,197.5,-0.33424556,1.616694413666018,25
-20.5,198.5,-0.32106948,1.616694413666018,25
-20.5,199.5,-0.30816662,1.616694413666018,25
-20.5,200.5,-0.29281747,1.616694413666018,25
-20.5,201.5,-0.27496865,1.616694413666018,25
-20.5,202.5,-0.25657713,1.616694413666018,25
-20.5,203.5,-0.23748797,1.616694413666018,25
-20.5,204.5,-0.2235159,1.616694413666018,25
-20.5,205.5,-0.20841767,1.616694413666018,25
-20.5,206.5,-0.19108465,1.616694413666018,25
-20.5,207.5,-0.17149314,1.616694413666018,25
-20.5,208.5,-0.15130264,1.616694413666018,25
-20.5,209.5,-0.13256365,1.616694413666018,25
-20.5,210.5,-0.115458556,1.616694413666018,25
-20.5,211.5,-0.09596469,1.616694413666018,25
-20.5,212.5,-0.07018605,1.616694413666018,25
-20.5,213.5,-0.052533302,1.616694413666018,25
-20.5,214.5,-0.036886245,1.616694413666018,25
-20.5,215.5,-0.021148719,1.616694413666018,25
-20.5,216.5,-0.004881115,1.616694413666018,25
-20.5,217.5,0.011924839,1.616694413666018,25
-20.5,218.5,0.029268283,1.616694413666018,25
-20.5,219.5,0.04706991,1.616694413666018,25
-20.5,220.5,0.06476852,1.616694413666018,25
-20.5,221.5,0.08493748,1.616694413666018,25
-20.5,222.5,0.10345115,1.616694413666018,25
-20.5,223.5,0.12208559,1.616694413666018,25
-20.5,224.5,0.1407031,1.616694413666018,25
-20.5,225.5,0.15966803,1.616694413666018,25
-20.5,226.5,0.17918153,1.616694413666018,25
-20.5,227.5,0.19837241,1.616694413666018,25
-20.5,228.5,0.21517056,1.616694413666018,25
-20.5,229.5,0.228236,1.616694413666018,25
-20.5,230.5,0.24060543,1.616694413666018,25
-20.5,231.5,0.25027275,1.616694413666018,25
-20.5,232.5,0.25992692,1.616694413666018,25
-20.5,233.5,0.27042577,1.616694413666018,25
-20.5,234.5,0.28153753,1.616694413666018,25
-20.5,235.5,0.2927964,1.616694413666018,25
-20.5,236.5,0.30316356,1.616694413666018,25
-20.5,237.5,0.3108602,1.616694413666018,25
-20.5,238.5,0.3145347,1.616694413666018,25
-20.5,239.5,0.3147834,1.616694413666018,25
-20.5,240.5,0.31361407,1.616694413666018,25
-20.5,241.5,0.3127061,1.616694413666018,25
-20.5,242.5,0.312176,1.616694413666018,25
-20.5,243.5,0.3115073,1.616694413666018,25
-20.5,244.5,0.3097067,1.616694413666018,25
-20.5,245.5,0.30654594,1.616694413666018,25
-20.5,246.5,0.30346406,1.616694413666018,25
-20.5,247.5,0.30282035,1.616694413666018,25
-20.5,248.5,0.3026259,1.616694413666018,25
-20.5,249.5,0.30295527,1.616694413666018,25
-20.5,250.5,0.30467013,1.616694413666018,25
-20.5,251.5,0.3078822,1.616694413666018,25
-20.5,252.5,0.312375,1.616694413666018,25
-20.5,253.5,0.31806928,1.616694413666018,25
-20.5,254.5,0.32533684,1.616694413666018,25
-20.5,255.5,0.33491513,1.616694413666018,25
-20.5,256.5,0.34735268,1.616694413666018,25
-20.5,257.5,0.36274633,1.616694413666018,25
-20.5,258.5,0.37544334,1.616694413666018,25
-20.5,259.5,0.38620177,1.616694413666018,25
-20.5,260.5,0.39579505,1.616694413666018,25
-20.5,261.5,0.40384978,1.616694413666018,25
-20.5,262.5,0.41003013,1.616694413666018,25
-20.5,263.5,0.4146972,1.616694413666018,25
-20.5,264.5,0.4189117,1.616694413666018,25
-20.5,265.5,0.4234915,1.616694413666018,25
-20.5,266.5,0.43020552,1.616694413666018,25
-20.5,267.5,0.43726417,1.616694413666018,25
-20.5,268.5,0.44310144,1.616694413666018,25
-20.5,269.5,0.44464576,1.616694413666018,25
-20.5,270.5,0.4431045,1.616694413666018,25
-20.5,271.5,0.43854478,1.616694413666018,25
-20.5,272.5,0.43033698,1.616694413666018,25
-20.5,273.5,0.4189517,1.616694413666018,25
-20.5,274.5,0.4045157,1.616694413666018,25
-20.5,275.5,0.3881632,1.616694413666018,25
-20.5,276.5,0.37571535,1.616694413666018,25
-20.5,277.5,0.3631742,1.616694413666018,25
-20.5,278.5,0.34968907,1.616694413666018,25
-20.5,279.5,0.33433175,1.616694413666018,25
-20.5,280.5,0.3191715,1.616694413666018,25
-20.5,281.5,0.3048291,1.616694413666018,25
-20.5,282.5,0.2885532,1.616694413666018,25
-20.5,283.5,0.2747006,1.616694413666018,25
-20.5,284.5,0.26647225,1.616694413666018,25
-20.5,285.5,0.26852697,1.616694413666018,25
-20.5,286.5,0.28701392,1.616694413666018,25
-20.5,287.5,0.31988087,1.616694413666018,25
-20.5,288.5,0.3620366,1.616694413666018,25
-20.5,289.5,0.3881131,1.616694413666018,25
-19.5,120.5,0.05543046,1.616694413666018,25
-19.5,121.5,,1.616694413666018,25
-19.5,122.5,,1.616694413666018,25
-19.5,123.5,,1.616694413666018,25
-19.5,124.5,,1.616694413666018,25
-19.5,125.5,,1.616694413666018,25
-19.5,126.5,,1.616694413666018,25
-19.5,127.5,,1.616694413666018,25
-19.5,128.5,,1.616694413666018,25
-19.5,129.5,,1.616694413666018,25
-19.5,130.5,,1.616694413666018,25
-19.5,131.5,,1.616694413666018,25
-19.5,132.5,,1.616694413666018,25
-19.5,133.5,,1.616694413666018,25
-19.5,134.5,,1.616694413666018,25
-19.5,135.5,,1.616694413666018,25
-19.5,136.5,,1.616694413666018,25
-19.5,137.5,,1.616694413666018,25
-19.5,138.5,,1.616694413666018,25
-19.5,139.5,,1.616694413666018,25
-19.5,140.5,,1.616694413666018,25
-19.5,141.5,,1.616694413666018,25
-19.5,142.5,,1.616694413666018,25
-19.5,143.5,,1.616694413666018,25
-19.5,144.5,,1.616694413666018,25
-19.5,145.5,,1.616694413666018,25
-19.5,146.5,,1.616694413666018,25
-19.5,147.5,,1.616694413666018,25
-19.5,148.5,-0.14642288,1.616694413666018,25
-19.5,149.5,-0.17158371,1.616694413666018,25
-19.5,150.5,-0.19743986,1.616694413666018,25
-19.5,151.5,-0.22429253,1.616694413666018,25
-19.5,152.5,-0.24956456,1.616694413666018,25
-19.5,153.5,-0.27436343,1.616694413666018,25
-19.5,154.5,-0.30108607,1.616694413666018,25
-19.5,155.5,-0.33133134,1.616694413666018,25
-19.5,156.5,-0.36401707,1.616694413666018,25
-19.5,157.5,-0.3934035,1.616694413666018,25
-19.5,158.5,-0.42074585,1.616694413666018,25
-19.5,159.5,-0.44402695,1.616694413666018,25
-19.5,160.5,-0.4681215,1.616694413666018,25
-19.5,161.5,-0.4897088,1.616694413666018,25
-19.5,162.5,-0.5079108,1.616694413666018,25
-19.5,163.5,-0.52300715,1.616694413666018,25
-19.5,164.5,-0.5345814,1.616694413666018,25
-19.5,165.5,-0.5408896,1.616694413666018,25
-19.5,166.5,-0.5415686,1.616694413666018,25
-19.5,167.5,-0.5416659,1.616694413666018,25
-19.5,168.5,-0.54090804,1.616694413666018,25
-19.5,169.5,-0.5361239,1.616694413666018,25
-19.5,170.5,-0.53339535,1.616694413666018,25
-19.5,171.5,-0.5339074,1.616694413666018,25
-19.5,172.5,-0.5367296,1.616694413666018,25
-19.5,173.5,-0.54075927,1.616694413666018,25
-19.5,174.5,-0.5455237,1.616694413666018,25
-19.5,175.5,-0.5509647,1.616694413666018,25
-19.5,176.5,-0.5551971,1.616694413666018,25
-19.5,177.5,-0.5480945,1.616694413666018,25
-19.5,178.5,-0.53043574,1.616694413666018,25
-19.5,179.5,-0.5234869,1.616694413666018,25
-19.5,180.5,-0.5252115,1.616694413666018,25
-19.5,181.5,-0.52780175,1.616694413666018,25
-19.5,182.5,-0.5267889,1.616694413666018,25
-19.5,183.5,-0.52294576,1.616694413666018,25
-19.5,184.5,-0.5183816,1.616694413666018,25
-19.5,185.5,-0.51169276,1.616694413666018,25
-19.5,186.5,-0.50329685,1.616694413666018,25
-19.5,187.5,-0.4914481,1.616694413666018,25
-19.5,188.5,-0.47658262,1.616694413666018,25
-19.5,189.5,-0.46113467,1.616694413666018,25
-19.5,190.5,-0.44602814,1.616694413666018,25
-19.5,191.5,-0.42981303,1.616694413666018,25
-19.5,192.5,-0.41017014,1.616694413666018,25
-19.5,193.5,-0.38758695,1.616694413666018,25
-19.5,194.5,-0.35722926,1.616694413666018,25
-19.5,195.5,-0.33064872,1.616694413666018,25
-19.5,196.5,-0.30756176,1.616694413666018,25
-19.5,197.5,-0.28823817,1.616694413666018,25
-19.5,198.5,-0.27108306,1.616694413666018,25
-19.5,199.5,-0.25334358,1.616694413666018,25
-19.5,200.5,-0.23392166,1.616694413666018,25
-19.5,201.5,-0.2143443,1.616694413666018,25
-19.5,202.5,-0.19374226,1.616694413666018,25
-19.5,203.5,-0.17339455,1.616694413666018,25
-19.5,204.5,-0.1563056,1.616694413666018,25
-19.5,205.5,-0.1380877,1.616694413666018,25
-19.5,206.5,-0.11806673,1.616694413666018,25
-19.5,207.5,-0.09659133,1.616694413666018,25
-19.5,208.5,-0.074815676,1.616694413666018,25
-19.5,209.5,-0.053564824,1.616694413666018,25
-19.5,210.5,-0.032157477,1.616694413666018,25
-19.5,211.5,-0.008241082,1.616694413666018,25
-19.5,212.5,0.020109424,1.616694413666018,25
-19.5,213.5,0.040152464,1.616694413666018,25
-19.5,214.5,0.058568,1.616694413666018,25
-19.5,215.5,0.07800885,1.616694413666018,25
-19.5,216.5,0.09850421,1.616694413666018,25
-19.5,217.5,0.11926744,1.616694413666018,25
-19.5,218.5,0.13972005,1.616694413666018,25
-19.5,219.5,0.15966903,1.616694413666018,25
-19.5,220.5,0.17858656,1.616694413666018,25
-19.5,221.5,0.19910501,1.616694413666018,25
-19.5,222.5,0.21703686,1.616694413666018,25
-19.5,223.5,0.23528112,1.616694413666018,25
-19.5,224.5,0.25442487,1.616694413666018,25
-19.5,225.5,0.2727389,1.616694413666018,25
-19.5,226.5,0.28964153,1.616694413666018,25
-19.5,227.5,0.30472097,1.616694413666018,25
-19.5,228.5,0.31668922,1.616694413666018,25
-19.5,229.5,0.32666358,1.616694413666018,25
-19.5,230.5,0.33709756,1.616694413666018,25
-19.5,231.5,0.34661633,1.616694413666018,25
-19.5,232.5,0.35705677,1.616694413666018,25
-19.5,233.5,0.36736003,1.616694413666018,25
-19.5,234.5,0.3767974,1.616694413666018,25
-19.5,235.5,0.3844796,1.616694413666018,25
-19.5,236.5,0.38935676,1.616694413666018,25
-19.5,237.5,0.39071777,1.616694413666018,25
-19.5,238.5,0.38936293,1.616694413666018,25
-19.5,239.5,0.38687995,1.616694413666018,25
-19.5,240.5,0.3847446,1.616694413666018,25
-19.5,241.5,0.38207382,1.616694413666018,25
-19.5,242.5,0.37922728,1.616694413666018,25
-19.5,243.5,0.3761473,1.616694413666018,25
-19.5,244.5,0.37238288,1.616694413666018,25
-19.5,245.5,0.368145,1.616694413666018,25
-19.5,246.5,0.36477235,1.616694413666018,25
-19.5,247.5,0.36294228,1.616694413666018,25
-19.5,248.5,0.3622896,1.616694413666018,25
-19.5,249.5,0.36194703,1.616694413666018,25
-19.5,250.5,0.36338523,1.616694413666018,25
-19.5,251.5,0.36627084,1.616694413666018,25
-19.5,252.5,0.37061048,1.616694413666018,25
-19.5,253.5,0.37634173,1.616694413666018,25
-19.5,254.5,0.38354927,1.616694413666018,25
-19.5,255.5,0.39263767,1.616694413666018,25
-19.5,256.5,0.40421787,1.616694413666018,25
-19.5,257.5,0.41741353,1.616694413666018,25
-19.5,258.5,0.42917567,1.616694413666018,25
-19.5,259.5,0.43797973,1.616694413666018,25
-19.5,260.5,0.44450524,1.616694413666018,25
-19.5,261.5,0.44905993,1.616694413666018,25
-19.5,262.5,0.4518648,1.616694413666018,25
-19.5,263.5,0.45355675,1.616694413666018,25
-19.5,264.5,0.45526055,1.616694413666018,25
-19.5,265.5,0.45777428,1.616694413666018,25
-19.5,266.5,0.4619221,1.616694413666018,25
-19.5,267.5,0.46587273,1.616694413666018,25
-19.5,268.5,0.46667558,1.616694413666018,25
-19.5,269.5,0.46360856,1.616694413666018,25
-19.5,270.5,0.45773354,1.616694413666018,25
-19.5,271.5,0.44905403,1.616694413666018,25
-19.5,272.5,0.4373762,1.616694413666018,25
-19.5,273.5,0.4236635,1.616694413666018,25
-19.5,274.5,0.4084471,1.616694413666018,25
-19.5,275.5,0.39149544,1.616694413666018,25
-19.5,276.5,0.37705228,1.616694413666018,25
-19.5,277.5,0.36270404,1.616694413666018,25
-19.5,278.5,0.34864384,1.616694413666018,25
-19.5,279.5,0.33327067,1.616694413666018,25
-19.5,280.5,0.31847343,1.616694413666018,25
-19.5,281.5,0.30442172,1.616694413666018,25
-19.5,282.5,0.28750363,1.616694413666018,25
-19.5,283.5,0.2750093,1.616694413666018,25
-19.5,284.5,0.26954442,1.616694413666018,25
-19.5,285.5,0.27632484,1.616694413666018,25
-19.5,286.5,0.29905304,1.616694413666018,25
-19.5,287.5,0.33809584,1.616694413666018,25
-19.5,288.5,0.38210532,1.616694413666018,25
-19.5,289.5,0.40704414,1.616694413666018,25
-18.5,120.5,0.011110058,1.616694413666018,25
-18.5,121.5,0.026448946,1.616694413666018,25
-18.5,122.5,,1.616694413666018,25
-18.5,123.5,,1.616694413666018,25
-18.5,124.5,,1.616694413666018,25
-18.5,125.5,,1.616694413666018,25
-18.5,126.5,,1.616694413666018,25
-18.5,127.5,,1.616694413666018,25
-18.5,128.5,,1.616694413666018,25
-18.5,129.5,,1.616694413666018,25
-18.5,130.5,,1.616694413666018,25
-18.5,131.5,,1.616694413666018,25
-18.5,132.5,,1.616694413666018,25
-18.5,133.5,,1.616694413666018,25
-18.5,134.5,,1.616694413666018,25
-18.5,135.5,,1.616694413666018,25
-18.5,136.5,,1.616694413666018,25
-18.5,137.5,,1.616694413666018,25
-18.5,138.5,,1.616694413666018,25
-18.5,139.5,,1.616694413666018,25
-18.5,140.5,,1.616694413666018,25
-18.5,141.5,,1.616694413666018,25
-18.5,142.5,,1.616694413666018,25
-18.5,143.5,,1.616694413666018,25
-18.5,144.5,,1.616694413666018,25
-18.5,145.5,,1.616694413666018,25
-18.5,146.5,,1.616694413666018,25
-18.5,147.5,-0.19203411,1.616694413666018,25
-18.5,148.5,-0.20419851,1.616694413666018,25
-18.5,149.5,-0.22139591,1.616694413666018,25
-18.5,150.5,-0.24570031,1.616694413666018,25
-18.5,151.5,-0.27329612,1.616694413666018,25
-18.5,152.5,-0.30195767,1.616694413666018,25
-18.5,153.5,-0.33344963,1.616694413666018,25
-18.5,154.5,-0.36733985,1.616694413666018,25
-18.5,155.5,-0.400327,1.616694413666018,25
-18.5,156.5,-0.42895627,1.616694413666018,25
-18.5,157.5,-0.45368376,1.616694413666018,25
-18.5,158.5,-0.47933173,1.616694413666018,25
-18.5,159.5,-0.50075895,1.616694413666018,25
-18.5,160.5,-0.52158904,1.616694413666018,25
-18.5,161.5,-0.53785443,1.616694413666018,25
-18.5,162.5,-0.5485759,1.616694413666018,25
-18.5,163.5,-0.55470777,1.616694413666018,25
-18.5,164.5,-0.55760264,1.616694413666018,25
-18.5,165.5,-0.5581219,1.616694413666018,25
-18.5,166.5,-0.55731654,1.616694413666018,25
-18.5,167.5,-0.55779195,1.616694413666018,25
-18.5,168.5,-0.55886525,1.616694413666018,25
-18.5,169.5,-0.55502146,1.616694413666018,25
-18.5,170.5,-0.55123353,1.616694413666018,25
-18.5,171.5,-0.54954433,1.616694413666018,25
-18.5,172.5,-0.55028856,1.616694413666018,25
-18.5,173.5,-0.552035,1.616694413666018,25
-18.5,174.5,-0.5521927,1.616694413666018,25
-18.5,175.5,-0.55005664,1.616694413666018,25
-18.5,176.5,-0.5533147,1.616694413666018,25
-18.5,177.5,-0.5574487,1.616694413666018,25
-18.5,178.5,-0.5283011,1.616694413666018,25
-18.5,179.5,-0.51862425,1.616694413666018,25
-18.5,180.5,-0.5239416,1.616694413666018,25
-18.5,181.5,-0.5276896,1.616694413666018,25
-18.5,182.5,-0.52198756,1.616694413666018,25
-18.5,183.5,-0.5102417,1.616694413666018,25
-18.5,184.5,-0.49801242,1.616694413666018,25
-18.5,185.5,-0.48509988,1.616694413666018,25
-18.5,186.5,-0.47269836,1.616694413666018,25
-18.5,187.5,-0.4565351,1.616694413666018,25
-18.5,188.5,-0.43714604,1.616694413666018,25
-18.5,189.5,-0.41646656,1.616694413666018,25
-18.5,190.5,-0.39671075,1.616694413666018,25
-18.5,191.5,-0.3778207,1.616694413666018,25
-18.5,192.5,-0.35682988,1.616694413666018,25
-18.5,193.5,-0.33244067,1.616694413666018,25
-18.5,194.5,-0.30167228,1.616694413666018,25
-18.5,195.5,-0.27491438,1.616694413666018,25
-18.5,196.5,-0.24985649,1.616694413666018,25
-18.5,197.5,-0.2265116,1.616694413666018,25
-18.5,198.5,-0.20440838,1.616694413666018,25
-18.5,199.5,-0.18339355,1.616694413666018,25
-18.5,200.5,-0.1634316,1.616694413666018,25
-18.5,201.5,-0.1440779,1.616694413666018,25
-18.5,202.5,-0.124485455,1.616694413666018,25
-18.5,203.5,-0.10168806,1.616694413666018,25
-18.5,204.5,-0.08020744,1.616694413666018,25
-18.5,205.5,-0.057699375,1.616694413666018,25
-18.5,206.5,-0.03492034,1.616694413666018,25
-18.5,207.5,-0.0130163,1.616694413666018,25
-18.5,208.5,0.008230209,1.616694413666018,25
-18.5,209.5,0.030596742,1.616694413666018,25
-18.5,210.5,0.05609851,1.616694413666018,25
-18.5,211.5,0.08419122,1.616694413666018,25
-18.5,212.5,0.11412189,1.616694413666018,25
-18.5,213.5,0.13613361,1.616694413666018,25
-18.5,214.5,0.15948392,1.616694413666018,25
-18.5,215.5,0.18346366,1.616694413666018,25
-18.5,216.5,0.20638973,1.616694413666018,25
-18.5,217.5,0.22841527,1.616694413666018,25
-18.5,218.5,0.2504453,1.616694413666018,25
-18.5,219.5,0.27215898,1.616694413666018,25
-18.5,220.5,0.292118,1.616694413666018,25
-18.5,221.5,0.31158042,1.616694413666018,25
-18.5,222.5,0.32754827,1.616694413666018,25
-18.5,223.5,0.34423697,1.616694413666018,25
-18.5,224.5,0.359311,1.616694413666018,25
-18.5,225.5,0.37308735,1.616694413666018,25
-18.5,226.5,0.38492012,1.616694413666018,25
-18.5,227.5,0.3941417,1.616694413666018,25
-18.5,228.5,0.40171477,1.616694413666018,25
-18.5,229.5,0.40895385,1.616694413666018,25
-18.5,230.5,0.41844285,1.616694413666018,25
-18.5,231.5,0.42820504,1.616694413666018,25
-18.5,232.5,0.4378148,1.616694413666018,25
-18.5,233.5,0.4455854,1.616694413666018,25
-18.5,234.5,0.45082772,1.616694413666018,25
-18.5,235.5,0.45344445,1.616694413666018,25
-18.5,236.5,0.45349064,1.616694413666018,25
-18.5,237.5,0.45102942,1.616694413666018,25
-18.5,238.5,0.44664693,1.616694413666018,25
-18.5,239.5,0.44295982,1.616694413666018,25
-18.5,240.5,0.43979272,1.616694413666018,25
-18.5,241.5,0.43606904,1.616694413666018,25
-18.5,242.5,0.43222296,1.616694413666018,25
-18.5,243.5,0.42808875,1.616694413666018,25
-18.5,244.5,0.42373604,1.616694413666018,25
-18.5,245.5,0.4195508,1.616694413666018,25
-18.5,246.5,0.4158649,1.616694413666018,25
-18.5,247.5,0.4122979,1.616694413666018,25
-18.5,248.5,0.41049483,1.616694413666018,25
-18.5,249.5,0.40987763,1.616694413666018,25
-18.5,250.5,0.4116937,1.616694413666018,25
-18.5,251.5,0.41472557,1.616694413666018,25
-18.5,252.5,0.4188311,1.616694413666018,25
-18.5,253.5,0.42426667,1.616694413666018,25
-18.5,254.5,0.43111575,1.616694413666018,25
-18.5,255.5,0.43904555,1.616694413666018,25
-18.5,256.5,0.44762048,1.616694413666018,25
-18.5,257.5,0.45814225,1.616694413666018,25
-18.5,258.5,0.46733695,1.616694413666018,25
-18.5,259.5,0.47469476,1.616694413666018,25
-18.5,260.5,0.47873506,1.616694413666018,25
-18.5,261.5,0.48062703,1.616694413666018,25
-18.5,262.5,0.48137313,1.616694413666018,25
-18.5,263.5,0.48154968,1.616694413666018,25
-18.5,264.5,0.48195803,1.616694413666018,25
-18.5,265.5,0.48341462,1.616694413666018,25
-18.5,266.5,0.48513764,1.616694413666018,25
-18.5,267.5,0.4835878,1.616694413666018,25
-18.5,268.5,0.47886893,1.616694413666018,25
-18.5,269.5,0.47131288,1.616694413666018,25
-18.5,270.5,0.4609973,1.616694413666018,25
-18.5,271.5,0.44875297,1.616694413666018,25
-18.5,272.5,0.43586063,1.616694413666018,25
-18.5,273.5,0.42319772,1.616694413666018,25
-18.5,274.5,0.41074675,1.616694413666018,25
-18.5,275.5,0.39629477,1.616694413666018,25
-18.5,276.5,0.38240066,1.616694413666018,25
-18.5,277.5,0.3659391,1.616694413666018,25
-18.5,278.5,0.34876147,1.616694413666018,25
-18.5,279.5,0.33175743,1.616694413666018,25
-18.5,280.5,0.31711376,1.616694413666018,25
-18.5,281.5,0.30596253,1.616694413666018,25
-18.5,282.5,0.2983706,1.616694413666018,25
-18.5,283.5,0.30288318,1.616694413666018,25
-18.5,284.5,0.3142124,1.616694413666018,25
-18.5,285.5,0.3288778,1.616694413666018,25
-18.5,286.5,0.36017776,1.616694413666018,25
-18.5,287.5,0.41852036,1.616694413666018,25
-18.5,288.5,0.47617808,1.616694413666018,25
-18.5,289.5,0.5046772,1.616694413666018,25
-17.5,120.5,-0.017509393,1.616694413666018,25
-17.5,121.5,-0.0037676238,1.616694413666018,25
-17.5,122.5,,1.616694413666018,25
-17.5,123.5,,1.616694413666018,25
-17.5,124.5,,1.616694413666018,25
-17.5,125.5,,1.616694413666018,25
-17.5,126.5,,1.616694413666018,25
-17.5,127.5,,1.616694413666018,25
-17.5,128.5,,1.616694413666018,25
-17.5,129.5,,1.616694413666018,25
-17.5,130.5,,1.616694413666018,25
-17.5,131.5,,1.616694413666018,25
-17.5,132.5,,1.616694413666018,25
-17.5,133.5,,1.616694413666018,25
-17.5,134.5,,1.616694413666018,25
-17.5,135.5,,1.616694413666018,25
-17.5,136.5,,1.616694413666018,25
-17.5,137.5,,1.616694413666018,25
-17.5,138.5,,1.616694413666018,25
-17.5,139.5,,1.616694413666018,25
-17.5,140.5,,1.616694413666018,25
-17.5,141.5,,1.616694413666018,25
-17.5,142.5,,1.616694413666018,25
-17.5,143.5,,1.616694413666018,25
-17.5,144.5,,1.616694413666018,25
-17.5,145.5,,1.616694413666018,25
-17.5,146.5,-0.21612363,1.616694413666018,25
-17.5,147.5,-0.23710987,1.616694413666018,25
-17.5,148.5,-0.25204304,1.616694413666018,25
-17.5,149.5,-0.27182773,1.616694413666018,25
-17.5,150.5,-0.2959621,1.616694413666018,25
-17.5,151.5,-0.32360142,1.616694413666018,25
-17.5,152.5,-0.35413015,1.616694413666018,25
-17.5,153.5,-0.3870796,1.616694413666018,25
-17.5,154.5,-0.41960967,1.616694413666018,25
-17.5,155.5,-0.44850475,1.616694413666018,25
-17.5,156.5,-0.47315595,1.616694413666018,25
-17.5,157.5,-0.4958186,1.616694413666018,25
-17.5,158.5,-0.5175449,1.616694413666018,25
-17.5,159.5,-0.5331621,1.616694413666018,25
-17.5,160.5,-0.54675025,1.616694413666018,25
-17.5,161.5,-0.5553076,1.616694413666018,25
-17.5,162.5,-0.5590004,1.616694413666018,25
-17.5,163.5,-0.5593539,1.616694413666018,25
-17.5,164.5,-0.5580834,1.616694413666018,25
-17.5,165.5,-0.55669934,1.616694413666018,25
-17.5,166.5,-0.55665517,1.616694413666018,25
-17.5,167.5,-0.5586906,1.616694413666018,25
-17.5,168.5,-0.55872774,1.616694413666018,25
-17.5,169.5,-0.555148,1.616694413666018,25
-17.5,170.5,-0.55161935,1.616694413666018,25
-17.5,171.5,-0.5487503,1.616694413666018,25
-17.5,172.5,-0.54701495,1.616694413666018,25
-17.5,173.5,-0.54552513,1.616694413666018,25
-17.5,174.5,-0.5408277,1.616694413666018,25
-17.5,175.5,-0.52975905,1.616694413666018,25
-17.5,176.5,-0.51649,1.616694413666018,25
-17.5,177.5,,1.616694413666018,25
-17.5,178.5,-0.49327073,1.616694413666018,25
-17.5,179.5,-0.50159764,1.616694413666018,25
-17.5,180.5,-0.50961566,1.616694413666018,25
-17.5,181.5,-0.50851077,1.616694413666018,25
-17.5,182.5,-0.49323732,1.616694413666018,25
-17.5,183.5,-0.47226888,1.616694413666018,25
-17.5,184.5,-0.4546307,1.616694413666018,25
-17.5,185.5,-0.43602788,1.616694413666018,25
-17.5,186.5,-0.41897812,1.616694413666018,25
-17.5,187.5,-0.3987596,1.616694413666018,25
-17.5,188.5,-0.37571958,1.616694413666018,25
-17.5,189.5,-0.351657,1.616694413666018,25
-17.5,190.5,-0.32865793,1.616694413666018,25
-17.5,191.5,-0.30665806,1.616694413666018,25
-17.5,192.5,-0.2830751,1.616694413666018,25
-17.5,193.5,-0.25778347,1.616694413666018,25
-17.5,194.5,-0.22913837,1.616694413666018,25
-17.5,195.5,-0.20496157,1.616694413666018,25
-17.5,196.5,-0.17982914,1.616694413666018,25
-17.5,197.5,-0.15412705,1.616694413666018,25
-17.5,198.5,-0.12923102,1.616694413666018,25
-17.5,199.5,-0.10620485,1.616694413666018,25
-17.5,200.5,-0.08455448,1.616694413666018,25
-17.5,201.5,-0.06273583,1.616694413666018,25
-17.5,202.5,-0.041949056,1.616694413666018,25
-17.5,203.5,-0.015091829,1.616694413666018,25
-17.5,204.5,0.010305423,1.616694413666018,25
-17.5,205.5,0.03658492,1.616694413666018,25
-17.5,206.5,0.062242165,1.616694413666018,25
-17.5,207.5,0.08574343,1.616694413666018,25
-17.5,208.5,0.10749394,1.616694413666018,25
-17.5,209.5,0.12934063,1.616694413666018,25
-17.5,210.5,0.15325773,1.616694413666018,25
-17.5,211.5,0.18064669,1.616694413666018,25
-17.5,212.5,0.21188976,1.616694413666018,25
-17.5,213.5,0.23874916,1.616694413666018,25
-17.5,214.5,0.26452944,1.616694413666018,25
-17.5,215.5,0.28801772,1.616694413666018,25
-17.5,216.5,0.31068647,1.616694413666018,25
-17.5,217.5,0.33421585,1.616694413666018,25
-17.5,218.5,0.35873893,1.616694413666018,25
-17.5,219.5,0.38231018,1.616694413666018,25
-17.5,220.5,0.40204072,1.616694413666018,25
-17.5,221.5,0.4193907,1.616694413666018,25
-17.5,222.5,0.4317285,1.616694413666018,25
-17.5,223.5,0.4428035,1.616694413666018,25
-17.5,224.5,0.45171997,1.616694413666018,25
-17.5,225.5,0.45878688,1.616694413666018,25
-17.5,226.5,0.46436614,1.616694413666018,25
-17.5,227.5,0.469249,1.616694413666018,25
-17.5,228.5,0.47469538,1.616694413666018,25
-17.5,229.5,0.48025215,1.616694413666018,25
-17.5,230.5,0.48781404,1.616694413666018,25
-17.5,231.5,0.4956353,1.616694413666018,25
-17.5,232.5,0.50230277,1.616694413666018,25
-17.5,233.5,0.50565225,1.616694413666018,25
-17.5,234.5,0.5056005,1.616694413666018,25
-17.5,235.5,0.5033304,1.616694413666018,25
-17.5,236.5,0.49945778,1.616694413666018,25
-17.5,237.5,0.49380866,1.616694413666018,25
-17.5,238.5,0.48908898,1.616694413666018,25
-17.5,239.5,0.48422745,1.616694413666018,25
-17.5,240.5,0.47964692,1.616694413666018,25
-17.5,241.5,0.4752809,1.616694413666018,25
-17.5,242.5,0.47110653,1.616694413666018,25
-17.5,243.5,0.4666264,1.616694413666018,25
-17.5,244.5,0.46199584,1.616694413666018,25
-17.5,245.5,0.45775872,1.616694413666018,25
-17.5,246.5,0.4539901,1.616694413666018,25
-17.5,247.5,0.4496841,1.616694413666018,25
-17.5,248.5,0.44774944,1.616694413666018,25
-17.5,249.5,0.44744876,1.616694413666018,25
-17.5,250.5,0.44909286,1.616694413666018,25
-17.5,251.5,0.45193604,1.616694413666018,25
-17.5,252.5,0.45585963,1.616694413666018,25
-17.5,253.5,0.46101058,1.616694413666018,25
-17.5,254.5,0.4671748,1.616694413666018,25
-17.5,255.5,0.4735216,1.616694413666018,25
-17.5,256.5,0.47895893,1.616694413666018,25
-17.5,257.5,0.48520142,1.616694413666018,25
-17.5,258.5,0.49120778,1.616694413666018,25
-17.5,259.5,0.49538684,1.616694413666018,25
-17.5,260.5,0.49713832,1.616694413666018,25
-17.5,261.5,0.49736354,1.616694413666018,25
-17.5,262.5,0.49680454,1.616694413666018,25
-17.5,263.5,0.49596673,1.616694413666018,25
-17.5,264.5,0.49544534,1.616694413666018,25
-17.5,265.5,0.49586013,1.616694413666018,25
-17.5,266.5,0.49550873,1.616694413666018,25
-17.5,267.5,0.49122033,1.616694413666018,25
-17.5,268.5,0.4826941,1.616694413666018,25
-17.5,269.5,0.47184813,1.616694413666018,25
-17.5,270.5,0.4598762,1.616694413666018,25
-17.5,271.5,0.44776955,1.616694413666018,25
-17.5,272.5,0.4363482,1.616694413666018,25
-17.5,273.5,0.42595425,1.616694413666018,25
-17.5,274.5,0.41586044,1.616694413666018,25
-17.5,275.5,0.40436354,1.616694413666018,25
-17.5,276.5,0.3911554,1.616694413666018,25
-17.5,277.5,0.374039,1.616694413666018,25
-17.5,278.5,0.35668206,1.616694413666018,25
-17.5,279.5,0.34385338,1.616694413666018,25
-17.5,280.5,0.33763513,1.616694413666018,25
-17.5,281.5,0.34113008,1.616694413666018,25
-17.5,282.5,0.3599279,1.616694413666018,25
-17.5,283.5,0.3917674,1.616694413666018,25
-17.5,284.5,0.4182187,1.616694413666018,25
-17.5,285.5,0.4579746,1.616694413666018,25
-17.5,286.5,0.52388644,1.616694413666018,25
-17.5,287.5,0.567332,1.616694413666018,25
-17.5,288.5,,1.616694413666018,25
-17.5,289.5,,1.616694413666018,25
-16.5,120.5,-0.032020483,1.616694413666018,25
-16.5,121.5,-0.009265032,1.616694413666018,25
-16.5,122.5,0.026166925,1.616694413666018,25
-16.5,123.5,,1.616694413666018,25
-16.5,124.5,,1.616694413666018,25
-16.5,125.5,,1.616694413666018,25
-16.5,126.5,,1.616694413666018,25
-16.5,127.5,,1.616694413666018,25
-16.5,128.5,,1.616694413666018,25
-16.5,129.5,,1.616694413666018,25
-16.5,130.5,,1.616694413666018,25
-16.5,131.5,,1.616694413666018,25
-16.5,132.5,,1.616694413666018,25
-16.5,133.5,,1.616694413666018,25
-16.5,134.5,,1.616694413666018,25
-16.5,135.5,,1.616694413666018,25
-16.5,136.5,,1.616694413666018,25
-16.5,137.5,,1.616694413666018,25
-16.5,138.5,0.04900187,1.616694413666018,25
-16.5,139.5,0.04889224,1.616694413666018,25
-16.5,140.5,0.02566414,1.616694413666018,25
-16.5,141.5,,1.616694413666018,25
-16.5,142.5,,1.616694413666018,25
-16.5,143.5,,1.616694413666018,25
-16.5,144.5,,1.616694413666018,25
-16.5,145.5,,1.616694413666018,25
-16.5,146.5,-0.2616709,1.616694413666018,25
-16.5,147.5,-0.27218938,1.616694413666018,25
-16.5,148.5,-0.29217556,1.616694413666018,25
-16.5,149.5,-0.31632897,1.616694413666018,25
-16.5,150.5,-0.34096146,1.616694413666018,25
-16.5,151.5,-0.36682725,1.616694413666018,25
-16.5,152.5,-0.39407617,1.616694413666018,25
-16.5,153.5,-0.42192107,1.616694413666018,25
-16.5,154.5,-0.44769576,1.616694413666018,25
-16.5,155.5,-0.46961653,1.616694413666018,25
-16.5,156.5,-0.4889742,1.616694413666018,25
-16.5,157.5,-0.5072692,1.616694413666018,25
-16.5,158.5,-0.5247704,1.616694413666018,25
-16.5,159.5,-0.5337755,1.616694413666018,25
-16.5,160.5,-0.5397037,1.616694413666018,25
-16.5,161.5,-0.5420338,1.616694413666018,25
-16.5,162.5,-0.54188234,1.616694413666018,25
-16.5,163.5,-0.5403605,1.616694413666018,25
-16.5,164.5,-0.5379587,1.616694413666018,25
-16.5,165.5,-0.53531283,1.616694413666018,25
-16.5,166.5,-0.535619,1.616694413666018,25
-16.5,167.5,-0.54048395,1.616694413666018,25
-16.5,168.5,-0.54078794,1.616694413666018,25
-16.5,169.5,-0.5386676,1.616694413666018,25
-16.5,170.5,-0.53368086,1.616694413666018,25
-16.5,171.5,-0.52763826,1.616694413666018,25
-16.5,172.5,-0.5223397,1.616694413666018,25
-16.5,173.5,-0.51762515,1.616694413666018,25
-16.5,174.5,-0.51110137,1.616694413666018,25
-16.5,175.5,-0.5010204,1.616694413666018,25
-16.5,176.5,-0.48551393,1.616694413666018,25
-16.5,177.5,-0.46642387,1.616694413666018,25
-16.5,178.5,-0.46195927,1.616694413666018,25
-16.5,179.5,-0.46653485,1.616694413666018,25
-16.5,180.5,-0.47011417,1.616694413666018,25
-16.5,181.5,-0.46015483,1.616694413666018,25
-16.5,182.5,-0.43414617,1.616694413666018,25
-16.5,183.5,-0.40548608,1.616694413666018,25
-16.5,184.5,-0.38547257,1.616694413666018,25
-16.5,185.5,-0.3617516,1.616694413666018,25
-16.5,186.5,-0.34198663,1.616694413666018,25
-16.5,187.5,-0.32025728,1.616694413666018,25
-16.5,188.5,-0.29669964,1.616694413666018,25
-16.5,189.5,-0.27110645,1.616694413666018,25
-16.5,190.5,-0.24590136,1.616694413666018,25
-16.5,191.5,-0.22208448,1.616694413666018,25
-16.5,192.5,-0.1967616,1.616694413666018,25
-16.5,193.5,-0.17083599,1.616694413666018,25
-16.5,194.5,-0.1459617,1.616694413666018,25
-16.5,195.5,-0.12380512,1.616694413666018,25
-16.5,196.5,-0.09835644,1.616694413666018,25
-16.5,197.5,-0.07145844,1.616694413666018,25
-16.5,198.5,-0.04525307,1.616694413666018,25
-16.5,199.5,-0.02039688,1.616694413666018,25
-16.5,200.5,0.004068775,1.616694413666018,25
-16.5,201.5,0.029337477,1.616694413666018,25
-16.5,202.5,0.054070435,1.616694413666018,25
-16.5,203.5,0.08393008,1.616694413666018,25
-16.5,204.5,0.11288101,1.616694413666018,25
-16.5,205.5,0.1423175,1.616694413666018,25
-16.5,206.5,0.17019871,1.616694413666018,25
-16.5,207.5,0.19500768,1.616694413666018,25
-16.5,208.5,0.2167981,1.616694413666018,25
-16.5,209.5,0.23733777,1.616694413666018,25
-16.5,210.5,0.2593534,1.616694413666018,25
-16.5,211.5,0.2852402,1.616694413666018,25
-16.5,212.5,0.31578735,1.616694413666018,25
-16.5,213.5,0.3427208,1.616694413666018,25
-16.5,214.5,0.3665737,1.616694413666018,25
-16.5,215.5,0.3877856,1.616694413666018,25
-16.5,216.5,0.4103566,1.616694413666018,25
-16.5,217.5,0.43467972,1.616694413666018,25
-16.5,218.5,0.4581803,1.616694413666018,25
-16.5,219.5,0.4786344,1.616694413666018,25
-16.5,220.5,0.49496177,1.616694413666018,25
-16.5,221.5,0.5071613,1.616694413666018,25
-16.5,222.5,0.51384926,1.616694413666018,25
-16.5,223.5,0.5194617,1.616694413666018,25
-16.5,224.5,0.5226392,1.616694413666018,25
-16.5,225.5,0.5247383,1.616694413666018,25
-16.5,226.5,0.52679425,1.616694413666018,25
-16.5,227.5,0.5293942,1.616694413666018,25
-16.5,228.5,0.533123,1.616694413666018,25
-16.5,229.5,0.5369573,1.616694413666018,25
-16.5,230.5,0.5412431,1.616694413666018,25
-16.5,231.5,0.54439247,1.616694413666018,25
-16.5,232.5,0.5456557,1.616694413666018,25
-16.5,233.5,0.5445525,1.616694413666018,25
-16.5,234.5,0.5414689,1.616694413666018,25
-16.5,235.5,0.5365679,1.616694413666018,25
-16.5,236.5,0.5300607,1.616694413666018,25
-16.5,237.5,0.5229,1.616694413666018,25
-16.5,238.5,0.51672083,1.616694413666018,25
-16.5,239.5,0.51041156,1.616694413666018,25
-16.5,240.5,0.50553775,1.616694413666018,25
-16.5,241.5,0.50136024,1.616694413666018,25
-16.5,242.5,0.49710578,1.616694413666018,25
-16.5,243.5,0.49219787,1.616694413666018,25
-16.5,244.5,0.48714402,1.616694413666018,25
-16.5,245.5,0.48272178,1.616694413666018,25
-16.5,246.5,0.4788384,1.616694413666018,25
-16.5,247.5,0.4744918,1.616694413666018,25
-16.5,248.5,0.47173128,1.616694413666018,25
-16.5,249.5,0.47118202,1.616694413666018,25
-16.5,250.5,0.47193474,1.616694413666018,25
-16.5,251.5,0.4742026,1.616694413666018,25
-16.5,252.5,0.47783202,1.616694413666018,25
-16.5,253.5,0.48218712,1.616694413666018,25
-16.5,254.5,0.48644084,1.616694413666018,25
-16.5,255.5,0.48995018,1.616694413666018,25
-16.5,256.5,0.4924444,1.616694413666018,25
-16.5,257.5,0.49475846,1.616694413666018,25
-16.5,258.5,0.49717796,1.616694413666018,25
-16.5,259.5,0.49832368,1.616694413666018,25
-16.5,260.5,0.4982894,1.616694413666018,25
-16.5,261.5,0.4977082,1.616694413666018,25
-16.5,262.5,0.49707,1.616694413666018,25
-16.5,263.5,0.49677873,1.616694413666018,25
-16.5,264.5,0.49723473,1.616694413666018,25
-16.5,265.5,0.498153,1.616694413666018,25
-16.5,266.5,0.49723503,1.616694413666018,25
-16.5,267.5,0.49223357,1.616694413666018,25
-16.5,268.5,0.4832399,1.616694413666018,25
-16.5,269.5,0.4715876,1.616694413666018,25
-16.5,270.5,0.45937485,1.616694413666018,25
-16.5,271.5,0.44848832,1.616694413666018,25
-16.5,272.5,0.43962944,1.616694413666018,25
-16.5,273.5,0.43206513,1.616694413666018,25
-16.5,274.5,0.4246293,1.616694413666018,25
-16.5,275.5,0.41587326,1.616694413666018,25
-16.5,276.5,0.40456966,1.616694413666018,25
-16.5,277.5,0.39189702,1.616694413666018,25
-16.5,278.5,0.3824095,1.616694413666018,25
-16.5,279.5,0.38278964,1.616694413666018,25
-16.5,280.5,0.39640677,1.616694413666018,25
-16.5,281.5,0.42712098,1.616694413666018,25
-16.5,282.5,0.47958383,1.616694413666018,25
-16.5,283.5,0.54336745,1.616694413666018,25
-16.5,284.5,0.6135842,1.616694413666018,25
-16.5,285.5,0.6645091,1.616694413666018,25
-16.5,286.5,0.70321375,1.616694413666018,25
-16.5,287.5,,1.616694413666018,25
-16.5,288.5,,1.616694413666018,25
-16.5,289.5,,1.616694413666018,25
-15.5,120.5,0.010046568,1.616694413666018,25
-15.5,121.5,-0.0029562758,1.616694413666018,25
-15.5,122.5,0.014650116,1.616694413666018,25
-15.5,123.5,0.03452349,1.616694413666018,25
-15.5,124.5,,1.616694413666018,25
-15.5,125.5,,1.616694413666018,25
-15.5,126.5,,1.616694413666018,25
-15.5,127.5,,1.616694413666018,25
-15.5,128.5,,1.616694413666018,25
-15.5,129.5,,1.616694413666018,25
-15.5,130.5,,1.616694413666018,25
-15.5,131.5,,1.616694413666018,25
-15.5,132.5,,1.616694413666018,25
-15.5,133.5,,1.616694413666018,25
-15.5,134.5,,1.616694413666018,25
-15.5,135.5,,1.616694413666018,25
-15.5,136.5,0.030243969,1.616694413666018,25
-15.5,137.5,0.032514658,1.616694413666018,25
-15.5,138.5,0.029609738,1.616694413666018,25
-15.5,139.5,0.015597668,1.616694413666018,25
-15.5,140.5,-0.019445334,1.616694413666018,25
-15.5,141.5,,1.616694413666018,25
-15.5,142.5,,1.616694413666018,25
-15.5,143.5,,1.616694413666018,25
-15.5,144.5,,1.616694413666018,25
-15.5,145.5,,1.616694413666018,25
-15.5,146.5,-0.28001332,1.616694413666018,25
-15.5,147.5,-0.2961934,1.616694413666018,25
-15.5,148.5,-0.32215428,1.616694413666018,25
-15.5,149.5,-0.34594035,1.616694413666018,25
-15.5,150.5,-0.36845013,1.616694413666018,25
-15.5,151.5,-0.3921085,1.616694413666018,25
-15.5,152.5,-0.41508305,1.616694413666018,25
-15.5,153.5,-0.43496537,1.616694413666018,25
-15.5,154.5,-0.45097736,1.616694413666018,25
-15.5,155.5,-0.46446827,1.616694413666018,25
-15.5,156.5,-0.47776613,1.616694413666018,25
-15.5,157.5,-0.49171335,1.616694413666018,25
-15.5,158.5,-0.5029852,1.616694413666018,25
-15.5,159.5,-0.5068765,1.616694413666018,25
-15.5,160.5,-0.5073308,1.616694413666018,25
-15.5,161.5,-0.5056601,1.616694413666018,25
-15.5,162.5,-0.50358117,1.616694413666018,25
-15.5,163.5,-0.50194407,1.616694413666018,25
-15.5,164.5,-0.50066584,1.616694413666018,25
-15.5,165.5,-0.49975932,1.616694413666018,25
-15.5,166.5,-0.50128865,1.616694413666018,25
-15.5,167.5,-0.50622,1.616694413666018,25
-15.5,168.5,-0.50985223,1.616694413666018,25
-15.5,169.5,-0.506257,1.616694413666018,25
-15.5,170.5,-0.49802998,1.616694413666018,25
-15.5,171.5,-0.48940003,1.616694413666018,25
-15.5,172.5,-0.48186243,1.616694413666018,25
-15.5,173.5,-0.47445947,1.616694413666018,25
-15.5,174.5,-0.46598244,1.616694413666018,25
-15.5,175.5,-0.45649892,1.616694413666018,25
-15.5,176.5,-0.44365773,1.616694413666018,25
-15.5,177.5,-0.4300285,1.616694413666018,25
-15.5,178.5,-0.41956452,1.616694413666018,25
-15.5,179.5,-0.40877667,1.616694413666018,25
-15.5,180.5,-0.3957112,1.616694413666018,25
-15.5,181.5,-0.37524396,1.616694413666018,25
-15.5,182.5,-0.3473233,1.616694413666018,25
-15.5,183.5,-0.3213363,1.616694413666018,25
-15.5,184.5,-0.29973912,1.616694413666018,25
-15.5,185.5,-0.27466783,1.616694413666018,25
-15.5,186.5,-0.25527698,1.616694413666018,25
-15.5,187.5,-0.23410717,1.616694413666018,25
-15.5,188.5,-0.2120251,1.616694413666018,25
-15.5,189.5,-0.18806419,1.616694413666018,25
-15.5,190.5,-0.16311114,1.616694413666018,25
-15.5,191.5,-0.13880095,1.616694413666018,25
-15.5,192.5,-0.11519571,1.616694413666018,25
-15.5,193.5,-0.09090643,1.616694413666018,25
-15.5,194.5,-0.06825495,1.616694413666018,25
-15.5,195.5,-0.04601902,1.616694413666018,25
-15.5,196.5,-0.019144583,1.616694413666018,25
-15.5,197.5,0.009268341,1.616694413666018,25
-15.5,198.5,0.036825202,1.616694413666018,25
-15.5,199.5,0.0637037,1.616694413666018,25
-15.5,200.5,0.091675036,1.616694413666018,25
-15.5,201.5,0.12166166,1.616694413666018,25
-15.5,202.5,0.15127356,1.616694413666018,25
-15.5,203.5,0.18444534,1.616694413666018,25
-15.5,204.5,0.2148772,1.616694413666018,25
-15.5,205.5,0.24456128,1.616694413666018,25
-15.5,206.5,0.27167472,1.616694413666018,25
-15.5,207.5,0.29549444,1.616694413666018,25
-15.5,208.5,0.31680992,1.616694413666018,25
-15.5,209.5,0.3374605,1.616694413666018,25
-15.5,210.5,0.35937607,1.616694413666018,25
-15.5,211.5,0.38350442,1.616694413666018,25
-15.5,212.5,0.41183838,1.616694413666018,25
-15.5,213.5,0.43677598,1.616694413666018,25
-15.5,214.5,0.46119484,1.616694413666018,25
-15.5,215.5,0.48325023,1.616694413666018,25
-15.5,216.5,0.5026676,1.616694413666018,25
-15.5,217.5,0.5204339,1.616694413666018,25
-15.5,218.5,0.5371058,1.616694413666018,25
-15.5,219.5,0.5516212,1.616694413666018,25
-15.5,220.5,0.56227607,1.616694413666018,25
-15.5,221.5,0.56905425,1.616694413666018,25
-15.5,222.5,0.57202774,1.616694413666018,25
-15.5,223.5,0.57441825,1.616694413666018,25
-15.5,224.5,0.57342243,1.616694413666018,25
-15.5,225.5,0.57219154,1.616694413666018,25
-15.5,226.5,0.5716354,1.616694413666018,25
-15.5,227.5,0.571373,1.616694413666018,25
-15.5,228.5,0.5721844,1.616694413666018,25
-15.5,229.5,0.57230794,1.616694413666018,25
-15.5,230.5,0.5715322,1.616694413666018,25
-15.5,231.5,0.57017916,1.616694413666018,25
-15.5,232.5,0.5677531,1.616694413666018,25
-15.5,233.5,0.56445307,1.616694413666018,25
-15.5,234.5,0.5607572,1.616694413666018,25
-15.5,235.5,0.5555738,1.616694413666018,25
-15.5,236.5,0.5480805,1.616694413666018,25
-15.5,237.5,0.5397121,1.616694413666018,25
-15.5,238.5,0.5325115,1.616694413666018,25
-15.5,239.5,0.5257695,1.616694413666018,25
-15.5,240.5,0.5209178,1.616694413666018,25
-15.5,241.5,0.5161317,1.616694413666018,25
-15.5,242.5,0.51106924,1.616694413666018,25
-15.5,243.5,0.50578886,1.616694413666018,25
-15.5,244.5,0.50044554,1.616694413666018,25
-15.5,245.5,0.4952691,1.616694413666018,25
-15.5,246.5,0.4905752,1.616694413666018,25
-15.5,247.5,0.4863311,1.616694413666018,25
-15.5,248.5,0.482985,1.616694413666018,25
-15.5,249.5,0.48206496,1.616694413666018,25
-15.5,250.5,0.48219454,1.616694413666018,25
-15.5,251.5,0.48343864,1.616694413666018,25
-15.5,252.5,0.48553553,1.616694413666018,25
-15.5,253.5,0.48793074,1.616694413666018,25
-15.5,254.5,0.49009976,1.616694413666018,25
-15.5,255.5,0.49175155,1.616694413666018,25
-15.5,256.5,0.49252364,1.616694413666018,25
-15.5,257.5,0.49188083,1.616694413666018,25
-15.5,258.5,0.49173072,1.616694413666018,25
-15.5,259.5,0.49074104,1.616694413666018,25
-15.5,260.5,0.4896006,1.616694413666018,25
-15.5,261.5,0.48873916,1.616694413666018,25
-15.5,262.5,0.4888092,1.616694413666018,25
-15.5,263.5,0.4902359,1.616694413666018,25
-15.5,264.5,0.49259964,1.616694413666018,25
-15.5,265.5,0.49459022,1.616694413666018,25
-15.5,266.5,0.49422586,1.616694413666018,25
-15.5,267.5,0.49053627,1.616694413666018,25
-15.5,268.5,0.48324725,1.616694413666018,25
-15.5,269.5,0.47281647,1.616694413666018,25
-15.5,270.5,0.46185738,1.616694413666018,25
-15.5,271.5,0.45270166,1.616694413666018,25
-15.5,272.5,0.44610032,1.616694413666018,25
-15.5,273.5,0.44110748,1.616694413666018,25
-15.5,274.5,0.43642852,1.616694413666018,25
-15.5,275.5,0.4294449,1.616694413666018,25
-15.5,276.5,0.42022696,1.616694413666018,25
-15.5,277.5,0.41360107,1.616694413666018,25
-15.5,278.5,0.41670877,1.616694413666018,25
-15.5,279.5,0.43757367,1.616694413666018,25
-15.5,280.5,0.4810478,1.616694413666018,25
-15.5,281.5,0.5488608,1.616694413666018,25
-15.5,282.5,0.6417891,1.616694413666018,25
-15.5,283.5,0.7619154,1.616694413666018,25
-15.5,284.5,0.8638257,1.616694413666018,25
-15.5,285.5,,1.616694413666018,25
-15.5,286.5,,1.616694413666018,25
-15.5,287.5,,1.616694413666018,25
-15.5,288.5,,1.616694413666018,25
-15.5,289.5,,1.616694413666018,25
-14.5,120.5,0.05806654,1.616694413666018,25
-14.5,121.5,0.04613372,1.616694413666018,25
-14.5,122.5,0.030592823,1.616694413666018,25
-14.5,123.5,0.0480615,1.616694413666018,25
-14.5,124.5,0.0843634,1.616694413666018,25
-14.5,125.5,0.11733572,1.616694413666018,25
-14.5,126.5,,1.616694413666018,25
-14.5,127.5,,1.616694413666018,25
-14.5,128.5,0.17768852,1.616694413666018,25
-14.5,129.5,0.17592056,1.616694413666018,25
-14.5,130.5,,1.616694413666018,25
-14.5,131.5,,1.616694413666018,25
-14.5,132.5,,1.616694413666018,25
-14.5,133.5,,1.616694413666018,25
-14.5,134.5,,1.616694413666018,25
-14.5,135.5,,1.616694413666018,25
-14.5,136.5,0.014318056,1.616694413666018,25
-14.5,137.5,0.016617097,1.616694413666018,25
-14.5,138.5,0.009495402,1.616694413666018,25
-14.5,139.5,-0.007867469,1.616694413666018,25
-14.5,140.5,-0.049638987,1.616694413666018,25
-14.5,141.5,,1.616694413666018,25
-14.5,142.5,,1.616694413666018,25
-14.5,143.5,,1.616694413666018,25
-14.5,144.5,,1.616694413666018,25
-14.5,145.5,-0.28721392,1.616694413666018,25
-14.5,146.5,-0.29096878,1.616694413666018,25
-14.5,147.5,-0.3083123,1.616694413666018,25
-14.5,148.5,-0.3314409,1.616694413666018,25
-14.5,149.5,-0.35285652,1.616694413666018,25
-14.5,150.5,-0.3738495,1.616694413666018,25
-14.5,151.5,-0.39528468,1.616694413666018,25
-14.5,152.5,-0.4130968,1.616694413666018,25
-14.5,153.5,-0.42511013,1.616694413666018,25
-14.5,154.5,-0.43285653,1.616694413666018,25
-14.5,155.5,-0.4395508,1.616694413666018,25
-14.5,156.5,-0.44697452,1.616694413666018,25
-14.5,157.5,-0.45395964,1.616694413666018,25
-14.5,158.5,-0.45831263,1.616694413666018,25
-14.5,159.5,-0.45761722,1.616694413666018,25
-14.5,160.5,-0.45581084,1.616694413666018,25
-14.5,161.5,-0.45390683,1.616694413666018,25
-14.5,162.5,-0.45309916,1.616694413666018,25
-14.5,163.5,-0.45341516,1.616694413666018,25
-14.5,164.5,-0.4543022,1.616694413666018,25
-14.5,165.5,-0.45569435,1.616694413666018,25
-14.5,166.5,-0.45812085,1.616694413666018,25
-14.5,167.5,-0.46202645,1.616694413666018,25
-14.5,168.5,-0.46234733,1.616694413666018,25
-14.5,169.5,-0.4551937,1.616694413666018,25
-14.5,170.5,-0.44367453,1.616694413666018,25
-14.5,171.5,-0.43235385,1.616694413666018,25
-14.5,172.5,-0.42283523,1.616694413666018,25
-14.5,173.5,-0.4139126,1.616694413666018,25
-14.5,174.5,-0.40389106,1.616694413666018,25
-14.5,175.5,-0.39242816,1.616694413666018,25
-14.5,176.5,-0.37774634,1.616694413666018,25
-14.5,177.5,-0.3623483,1.616694413666018,25
-14.5,178.5,-0.34201154,1.616694413666018,25
-14.5,179.5,-0.31895912,1.616694413666018,25
-14.5,180.5,-0.2947894,1.616694413666018,25
-14.5,181.5,-0.2702807,1.616694413666018,25
-14.5,182.5,-0.2466532,1.616694413666018,25
-14.5,183.5,-0.22559842,1.616694413666018,25
-14.5,184.5,-0.20522805,1.616694413666018,25
-14.5,185.5,-0.18213706,1.616694413666018,25
-14.5,186.5,-0.16233017,1.616694413666018,25
-14.5,187.5,-0.14209905,1.616694413666018,25
-14.5,188.5,-0.12240523,1.616694413666018,25
-14.5,189.5,-0.102621764,1.616694413666018,25
-14.5,190.5,-0.08155022,1.616694413666018,25
-14.5,191.5,-0.05950122,1.616694413666018,25
-14.5,192.5,-0.03838501,1.616694413666018,25
-14.5,193.5,-0.016489487,1.616694413666018,25
-14.5,194.5,0.008717355,1.616694413666018,25
-14.5,195.5,0.032955702,1.616694413666018,25
-14.5,196.5,0.060984902,1.616694413666018,25
-14.5,197.5,0.09058109,1.616694413666018,25
-14.5,198.5,0.119758874,1.616694413666018,25
-14.5,199.5,0.14839613,1.616694413666018,25
-14.5,200.5,0.17801441,1.616694413666018,25
-14.5,201.5,0.209762,1.616694413666018,25
-14.5,202.5,0.24073112,1.616694413666018,25
-14.5,203.5,0.27513885,1.616694413666018,25
-14.5,204.5,0.30498856,1.616694413666018,25
-14.5,205.5,0.3333705,1.616694413666018,25
-14.5,206.5,0.35942203,1.616694413666018,25
-14.5,207.5,0.38215268,1.616694413666018,25
-14.5,208.5,0.40231502,1.616694413666018,25
-14.5,209.5,0.42201805,1.616694413666018,25
-14.5,210.5,0.443114,1.616694413666018,25
-14.5,211.5,0.46562007,1.616694413666018,25
-14.5,212.5,0.4941641,1.616694413666018,25
-14.5,213.5,0.5173533,1.616694413666018,25
-14.5,214.5,0.53861094,1.616694413666018,25
-14.5,215.5,0.5561009,1.616694413666018,25
-14.5,216.5,0.5700349,1.616694413666018,25
-14.5,217.5,0.5817256,1.616694413666018,25
-14.5,218.5,0.59222436,1.616694413666018,25
-14.5,219.5,0.60139865,1.616694413666018,25
-14.5,220.5,0.60797954,1.616694413666018,25
-14.5,221.5,0.6117117,1.616694413666018,25
-14.5,222.5,0.6125559,1.616694413666018,25
-14.5,223.5,0.6113482,1.616694413666018,25
-14.5,224.5,0.6077764,1.616694413666018,25
-14.5,225.5,0.6045407,1.616694413666018,25
-14.5,226.5,0.6017868,1.616694413666018,25
-14.5,227.5,0.59862936,1.616694413666018,25
-14.5,228.5,0.5956927,1.616694413666018,25
-14.5,229.5,0.5926178,1.616694413666018,25
-14.5,230.5,0.58829945,1.616694413666018,25
-14.5,231.5,0.58393884,1.616694413666018,25
-14.5,232.5,0.57967377,1.616694413666018,25
-14.5,233.5,0.5752552,1.616694413666018,25
-14.5,234.5,0.57038164,1.616694413666018,25
-14.5,235.5,0.5644174,1.616694413666018,25
-14.5,236.5,0.5564899,1.616694413666018,25
-14.5,237.5,0.5465878,1.616694413666018,25
-14.5,238.5,0.5380808,1.616694413666018,25
-14.5,239.5,0.5309085,1.616694413666018,25
-14.5,240.5,0.5261723,1.616694413666018,25
-14.5,241.5,0.521288,1.616694413666018,25
-14.5,242.5,0.5156225,1.616694413666018,25
-14.5,243.5,0.50951505,1.616694413666018,25
-14.5,244.5,0.50369465,1.616694413666018,25
-14.5,245.5,0.49837974,1.616694413666018,25
-14.5,246.5,0.4931138,1.616694413666018,25
-14.5,247.5,0.48846635,1.616694413666018,25
-14.5,248.5,0.48473382,1.616694413666018,25
-14.5,249.5,0.4831392,1.616694413666018,25
-14.5,250.5,0.48269585,1.616694413666018,25
-14.5,251.5,0.48283166,1.616694413666018,25
-14.5,252.5,0.4833176,1.616694413666018,25
-14.5,253.5,0.48410043,1.616694413666018,25
-14.5,254.5,0.4851798,1.616694413666018,25
-14.5,255.5,0.48637033,1.616694413666018,25
-14.5,256.5,0.48712593,1.616694413666018,25
-14.5,257.5,0.48633263,1.616694413666018,25
-14.5,258.5,0.48515043,1.616694413666018,25
-14.5,259.5,0.48396698,1.616694413666018,25
-14.5,260.5,0.48257613,1.616694413666018,25
-14.5,261.5,0.48171368,1.616694413666018,25
-14.5,262.5,0.4823339,1.616694413666018,25
-14.5,263.5,0.4848539,1.616694413666018,25
-14.5,264.5,0.4886254,1.616694413666018,25
-14.5,265.5,0.49194297,1.616694413666018,25
-14.5,266.5,0.4932312,1.616694413666018,25
-14.5,267.5,0.49271438,1.616694413666018,25
-14.5,268.5,0.48894918,1.616694413666018,25
-14.5,269.5,0.4822155,1.616694413666018,25
-14.5,270.5,0.47488979,1.616694413666018,25
-14.5,271.5,0.46795234,1.616694413666018,25
-14.5,272.5,0.46165654,1.616694413666018,25
-14.5,273.5,0.45684922,1.616694413666018,25
-14.5,274.5,0.45343727,1.616694413666018,25
-14.5,275.5,0.4466321,1.616694413666018,25
-14.5,276.5,0.44034252,1.616694413666018,25
-14.5,277.5,0.44418877,1.616694413666018,25
-14.5,278.5,0.4669745,1.616694413666018,25
-14.5,279.5,0.51399136,1.616694413666018,25
-14.5,280.5,0.5838817,1.616694413666018,25
-14.5,281.5,0.6761448,1.616694413666018,25
-14.5,282.5,0.8022147,1.616694413666018,25
-14.5,283.5,0.993106,1.616694413666018,25
-14.5,284.5,,1.616694413666018,25
-14.5,285.5,,1.616694413666018,25
-14.5,286.5,,1.616694413666018,25
-14.5,287.5,,1.616694413666018,25
-14.5,288.5,,1.616694413666018,25
-14.5,289.5,,1.616694413666018,25
-13.5,120.5,0.09886797,1.616694413666018,25
-13.5,121.5,0.09636197,1.616694413666018,25
-13.5,122.5,0.07979604,1.616694413666018,25
-13.5,123.5,0.08466451,1.616694413666018,25
-13.5,124.5,0.09646637,1.616694413666018,25
-13.5,125.5,0.12047401,1.616694413666018,25
-13.5,126.5,0.13447651,1.616694413666018,25
-13.5,127.5,0.1411487,1.616694413666018,25
-13.5,128.5,0.14831583,1.616694413666018,25
-13.5,129.5,0.14883864,1.616694413666018,25
-13.5,130.5,,1.616694413666018,25
-13.5,131.5,,1.616694413666018,25
-13.5,132.5,,1.616694413666018,25
-13.5,133.5,,1.616694413666018,25
-13.5,134.5,,1.616694413666018,25
-13.5,135.5,,1.616694413666018,25
-13.5,136.5,-0.008426361,1.616694413666018,25
-13.5,137.5,-0.019141808,1.616694413666018,25
-13.5,138.5,-0.036111105,1.616694413666018,25
-13.5,139.5,-0.046809997,1.616694413666018,25
-13.5,140.5,-0.09355588,1.616694413666018,25
-13.5,141.5,,1.616694413666018,25
-13.5,142.5,,1.616694413666018,25
-13.5,143.5,-0.28039557,1.616694413666018,25
-13.5,144.5,-0.29260582,1.616694413666018,25
-13.5,145.5,-0.30649033,1.616694413666018,25
-13.5,146.5,-0.3105336,1.616694413666018,25
-13.5,147.5,-0.31589654,1.616694413666018,25
-13.5,148.5,-0.32712758,1.616694413666018,25
-13.5,149.5,-0.33970192,1.616694413666018,25
-13.5,150.5,-0.35525292,1.616694413666018,25
-13.5,151.5,-0.3745936,1.616694413666018,25
-13.5,152.5,-0.39017543,1.616694413666018,25
-13.5,153.5,-0.39873677,1.616694413666018,25
-13.5,154.5,-0.40205303,1.616694413666018,25
-13.5,155.5,-0.40375954,1.616694413666018,25
-13.5,156.5,-0.40542343,1.616694413666018,25
-13.5,157.5,-0.40509704,1.616694413666018,25
-13.5,158.5,-0.4068228,1.616694413666018,25
-13.5,159.5,-0.4059666,1.616694413666018,25
-13.5,160.5,-0.40552592,1.616694413666018,25
-13.5,161.5,-0.40623772,1.616694413666018,25
-13.5,162.5,-0.4073345,1.616694413666018,25
-13.5,163.5,-0.40774822,1.616694413666018,25
-13.5,164.5,-0.4076251,1.616694413666018,25
-13.5,165.5,-0.40830043,1.616694413666018,25
-13.5,166.5,-0.40880257,1.616694413666018,25
-13.5,167.5,-0.4059048,1.616694413666018,25
-13.5,168.5,-0.39927542,1.616694413666018,25
-13.5,169.5,-0.3898193,1.616694413666018,25
-13.5,170.5,-0.37760127,1.616694413666018,25
-13.5,171.5,-0.36403897,1.616694413666018,25
-13.5,172.5,-0.35076058,1.616694413666018,25
-13.5,173.5,-0.33835325,1.616694413666018,25
-13.5,174.5,-0.32602376,1.616694413666018,25
-13.5,175.5,-0.31329596,1.616694413666018,25
-13.5,176.5,-0.2971619,1.616694413666018,25
-13.5,177.5,-0.27827722,1.616694413666018,25
-13.5,178.5,-0.2529469,1.616694413666018,25
-13.5,179.5,-0.22439623,1.616694413666018,25
-13.5,180.5,-0.19601627,1.616694413666018,25
-13.5,181.5,-0.1700383,1.616694413666018,25
-13.5,182.5,-0.14747223,1.616694413666018,25
-13.5,183.5,-0.12809731,1.616694413666018,25
-13.5,184.5,-0.10942339,1.616694413666018,25
-13.5,185.5,-0.087942086,1.616694413666018,25
-13.5,186.5,-0.07020701,1.616694413666018,25
-13.5,187.5,-0.053914633,1.616694413666018,25
-13.5,188.5,-0.039024126,1.616694413666018,25
-13.5,189.5,-0.023443356,1.616694413666018,25
-13.5,190.5,-0.0052390764,1.616694413666018,25
-13.5,191.5,0.015478687,1.616694413666018,25
-13.5,192.5,0.036676086,1.616694413666018,25
-13.5,193.5,0.05831398,1.616694413666018,25
-13.5,194.5,0.08466881,1.616694413666018,25
-13.5,195.5,0.1102374,1.616694413666018,25
-13.5,196.5,0.13800399,1.616694413666018,25
-13.5,197.5,0.1669034,1.616694413666018,25
-13.5,198.5,0.19584692,1.616694413666018,25
-13.5,199.5,0.22418092,1.616694413666018,25
-13.5,200.5,0.25305432,1.616694413666018,25
-13.5,201.5,0.28454012,1.616694413666018,25
-13.5,202.5,0.31532857,1.616694413666018,25
-13.5,203.5,0.34798092,1.616694413666018,25
-13.5,204.5,0.3776437,1.616694413666018,25
-13.5,205.5,0.40582493,1.616694413666018,25
-13.5,206.5,0.43078995,1.616694413666018,25
-13.5,207.5,0.451688,1.616694413666018,25
-13.5,208.5,0.46939752,1.616694413666018,25
-13.5,209.5,0.48596507,1.616694413666018,25
-13.5,210.5,0.5034873,1.616694413666018,25
-13.5,211.5,0.52331126,1.616694413666018,25
-13.5,212.5,0.54901224,1.616694413666018,25
-13.5,213.5,0.56712705,1.616694413666018,25
-13.5,214.5,0.5848031,1.616694413666018,25
-13.5,215.5,0.5989135,1.616694413666018,25
-13.5,216.5,0.609029,1.616694413666018,25
-13.5,217.5,0.6165242,1.616694413666018,25
-13.5,218.5,0.6230694,1.616694413666018,25
-13.5,219.5,0.6292815,1.616694413666018,25
-13.5,220.5,0.634065,1.616694413666018,25
-13.5,221.5,0.63608944,1.616694413666018,25
-13.5,222.5,0.63610923,1.616694413666018,25
-13.5,223.5,0.6332984,1.616694413666018,25
-13.5,224.5,0.6291668,1.616694413666018,25
-13.5,225.5,0.62471473,1.616694413666018,25
-13.5,226.5,0.6197452,1.616694413666018,25
-13.5,227.5,0.6139679,1.616694413666018,25
-13.5,228.5,0.6080804,1.616694413666018,25
-13.5,229.5,0.6031281,1.616694413666018,25
-13.5,230.5,0.59816635,1.616694413666018,25
-13.5,231.5,0.5928957,1.616694413666018,25
-13.5,232.5,0.58709157,1.616694413666018,25
-13.5,233.5,0.5812737,1.616694413666018,25
-13.5,234.5,0.5752541,1.616694413666018,25
-13.5,235.5,0.56809014,1.616694413666018,25
-13.5,236.5,0.5591919,1.616694413666018,25
-13.5,237.5,0.5493049,1.616694413666018,25
-13.5,238.5,0.54040635,1.616694413666018,25
-13.5,239.5,0.53244966,1.616694413666018,25
-13.5,240.5,0.5268084,1.616694413666018,25
-13.5,241.5,0.52134436,1.616694413666018,25
-13.5,242.5,0.51543045,1.616694413666018,25
-13.5,243.5,0.5091386,1.616694413666018,25
-13.5,244.5,0.5031591,1.616694413666018,25
-13.5,245.5,0.4977589,1.616694413666018,25
-13.5,246.5,0.49236166,1.616694413666018,25
-13.5,247.5,0.48733974,1.616694413666018,25
-13.5,248.5,0.48275718,1.616694413666018,25
-13.5,249.5,0.47993726,1.616694413666018,25
-13.5,250.5,0.47835308,1.616694413666018,25
-13.5,251.5,0.4779366,1.616694413666018,25
-13.5,252.5,0.4785098,1.616694413666018,25
-13.5,253.5,0.4800446,1.616694413666018,25
-13.5,254.5,0.48243484,1.616694413666018,25
-13.5,255.5,0.48520774,1.616694413666018,25
-13.5,256.5,0.48728657,1.616694413666018,25
-13.5,257.5,0.48788917,1.616694413666018,25
-13.5,258.5,0.48742878,1.616694413666018,25
-13.5,259.5,0.48743492,1.616694413666018,25
-13.5,260.5,0.48732018,1.616694413666018,25
-13.5,261.5,0.48708916,1.616694413666018,25
-13.5,262.5,0.48787543,1.616694413666018,25
-13.5,263.5,0.49098724,1.616694413666018,25
-13.5,264.5,0.49661994,1.616694413666018,25
-13.5,265.5,0.50328916,1.616694413666018,25
-13.5,266.5,0.5088832,1.616694413666018,25
-13.5,267.5,0.51124114,1.616694413666018,25
-13.5,268.5,0.5101093,1.616694413666018,25
-13.5,269.5,0.5066615,1.616694413666018,25
-13.5,270.5,0.5023849,1.616694413666018,25
-13.5,271.5,0.49687976,1.616694413666018,25
-13.5,272.5,0.4900522,1.616694413666018,25
-13.5,273.5,0.48381644,1.616694413666018,25
-13.5,274.5,0.47868317,1.616694413666018,25
-13.5,275.5,0.47299933,1.616694413666018,25
-13.5,276.5,0.47358254,1.616694413666018,25
-13.5,277.5,0.49150917,1.616694413666018,25
-13.5,278.5,0.53532606,1.616694413666018,25
-13.5,279.5,0.60608083,1.616694413666018,25
-13.5,280.5,0.69469213,1.616694413666018,25
-13.5,281.5,0.81037575,1.616694413666018,25
-13.5,282.5,0.979259,1.616694413666018,25
-13.5,283.5,1.1524103,1.616694413666018,25
-13.5,284.5,,1.616694413666018,25
-13.5,285.5,,1.616694413666018,25
-13.5,286.5,,1.616694413666018,25
-13.5,287.5,,1.616694413666018,25
-13.5,288.5,,1.616694413666018,25
-13.5,289.5,,1.616694413666018,25
-12.5,120.5,0.11146399,1.616694413666018,25
-12.5,121.5,0.115470044,1.616694413666018,25
-12.5,122.5,0.114035755,1.616694413666018,25
-12.5,123.5,0.107074626,1.616694413666018,25
-12.5,124.5,0.11394516,1.616694413666018,25
-12.5,125.5,0.12150212,1.616694413666018,25
-12.5,126.5,0.12727591,1.616694413666018,25
-12.5,127.5,0.12655565,1.616694413666018,25
-12.5,128.5,0.118799254,1.616694413666018,25
-12.5,129.5,0.116701335,1.616694413666018,25
-12.5,130.5,0.14625628,1.616694413666018,25
-12.5,131.5,,1.616694413666018,25
-12.5,132.5,,1.616694413666018,25
-12.5,133.5,,1.616694413666018,25
-12.5,134.5,,1.616694413666018,25
-12.5,135.5,,1.616694413666018,25
-12.5,136.5,-0.048426658,1.616694413666018,25
-12.5,137.5,-0.054777548,1.616694413666018,25
-12.5,138.5,-0.08574345,1.616694413666018,25
-12.5,139.5,-0.09529803,1.616694413666018,25
-12.5,140.5,-0.151871,1.616694413666018,25
-12.5,141.5,-0.18147312,1.616694413666018,25
-12.5,142.5,,1.616694413666018,25
-12.5,143.5,-0.30342627,1.616694413666018,25
-12.5,144.5,-0.31512782,1.616694413666018,25
-12.5,145.5,-0.3304116,1.616694413666018,25
-12.5,146.5,-0.33608985,1.616694413666018,25
-12.5,147.5,-0.3349273,1.616694413666018,25
-12.5,148.5,-0.33307597,1.616694413666018,25
-12.5,149.5,-0.3287473,1.616694413666018,25
-12.5,150.5,-0.33024028,1.616694413666018,25
-12.5,151.5,-0.34359562,1.616694413666018,25
-12.5,152.5,-0.35718995,1.616694413666018,25
-12.5,153.5,-0.36417902,1.616694413666018,25
-12.5,154.5,-0.3656205,1.616694413666018,25
-12.5,155.5,-0.3652134,1.616694413666018,25
-12.5,156.5,-0.36347756,1.616694413666018,25
-12.5,157.5,-0.35902306,1.616694413666018,25
-12.5,158.5,-0.35793838,1.616694413666018,25
-12.5,159.5,-0.3576157,1.616694413666018,25
-12.5,160.5,-0.35960338,1.616694413666018,25
-12.5,161.5,-0.36215055,1.616694413666018,25
-12.5,162.5,-0.3627377,1.616694413666018,25
-12.5,163.5,-0.3605228,1.616694413666018,25
-12.5,164.5,-0.3571117,1.616694413666018,25
-12.5,165.5,-0.35493657,1.616694413666018,25
-12.5,166.5,-0.35234523,1.616694413666018,25
-12.5,167.5,-0.34249404,1.616694413666018,25
-12.5,168.5,-0.33078825,1.616694413666018,25
-12.5,169.5,-0.31950694,1.616694413666018,25
-12.5,170.5,-0.30628273,1.616694413666018,25
-12.5,171.5,-0.29104105,1.616694413666018,25
-12.5,172.5,-0.2749833,1.616694413666018,25
-12.5,173.5,-0.25926423,1.616694413666018,25
-12.5,174.5,-0.24415697,1.616694413666018,25
-12.5,175.5,-0.22937353,1.616694413666018,25
-12.5,176.5,-0.21137318,1.616694413666018,25
-12.5,177.5,-0.19040428,1.616694413666018,25
-12.5,178.5,-0.16656113,1.616694413666018,25
-12.5,179.5,-0.13783288,1.616694413666018,25
-12.5,180.5,-0.108692855,1.616694413666018,25
-12.5,181.5,-0.08257998,1.616694413666018,25
-12.5,182.5,-0.060500573,1.616694413666018,25
-12.5,183.5,-0.041807357,1.616694413666018,25
-12.5,184.5,-0.023406057,1.616694413666018,25
-12.5,185.5,-0.002619915,1.616694413666018,25
-12.5,186.5,0.01341775,1.616694413666018,25
-12.5,187.5,0.026840534,1.616694413666018,25
-12.5,188.5,0.038974334,1.616694413666018,25
-12.5,189.5,0.052910946,1.616694413666018,25
-12.5,190.5,0.07062725,1.616694413666018,25
-12.5,191.5,0.091270864,1.616694413666018,25
-12.5,192.5,0.11217351,1.616694413666018,25
-12.5,193.5,0.1340531,1.616694413666018,25
-12.5,194.5,0.1609895,1.616694413666018,25
-12.5,195.5,0.18654312,1.616694413666018,25
-12.5,196.5,0.21342139,1.616694413666018,25
-12.5,197.5,0.24148367,1.616694413666018,25
-12.5,198.5,0.26998907,1.616694413666018,25
-12.5,199.5,0.29781863,1.616694413666018,25
-12.5,200.5,0.3255243,1.616694413666018,25
-12.5,201.5,0.35475835,1.616694413666018,25
-12.5,202.5,0.38079095,1.616694413666018,25
-12.5,203.5,0.41031674,1.616694413666018,25
-12.5,204.5,0.43947616,1.616694413666018,25
-12.5,205.5,0.4663376,1.616694413666018,25
-12.5,206.5,0.48894805,1.616694413666018,25
-12.5,207.5,0.5071084,1.616694413666018,25
-12.5,208.5,0.52201325,1.616694413666018,25
-12.5,209.5,0.5355598,1.616694413666018,25
-12.5,210.5,0.5495869,1.616694413666018,25
-12.5,211.5,0.56553805,1.616694413666018,25
-12.5,212.5,0.5847008,1.616694413666018,25
-12.5,213.5,0.598509,1.616694413666018,25
-12.5,214.5,0.61083704,1.616694413666018,25
-12.5,215.5,0.6199089,1.616694413666018,25
-12.5,216.5,0.62729853,1.616694413666018,25
-12.5,217.5,0.63372946,1.616694413666018,25
-12.5,218.5,0.6391862,1.616694413666018,25
-12.5,219.5,0.6440042,1.616694413666018,25
-12.5,220.5,0.6477422,1.616694413666018,25
-12.5,221.5,0.6486653,1.616694413666018,25
-12.5,222.5,0.6471005,1.616694413666018,25
-12.5,223.5,0.64415026,1.616694413666018,25
-12.5,224.5,0.64117676,1.616694413666018,25
-12.5,225.5,0.6372872,1.616694413666018,25
-12.5,226.5,0.6319695,1.616694413666018,25
-12.5,227.5,0.6255611,1.616694413666018,25
-12.5,228.5,0.61886394,1.616694413666018,25
-12.5,229.5,0.61283284,1.616694413666018,25
-12.5,230.5,0.6061825,1.616694413666018,25
-12.5,231.5,0.59960645,1.616694413666018,25
-12.5,232.5,0.59277284,1.616694413666018,25
-12.5,233.5,0.5859958,1.616694413666018,25
-12.5,234.5,0.57941294,1.616694413666018,25
-12.5,235.5,0.5723423,1.616694413666018,25
-12.5,236.5,0.5641439,1.616694413666018,25
-12.5,237.5,0.5552447,1.616694413666018,25
-12.5,238.5,0.5466525,1.616694413666018,25
-12.5,239.5,0.5367868,1.616694413666018,25
-12.5,240.5,0.52945584,1.616694413666018,25
-12.5,241.5,0.52275336,1.616694413666018,25
-12.5,242.5,0.51600873,1.616694413666018,25
-12.5,243.5,0.5094004,1.616694413666018,25
-12.5,244.5,0.5033943,1.616694413666018,25
-12.5,245.5,0.49819958,1.616694413666018,25
-12.5,246.5,0.49341857,1.616694413666018,25
-12.5,247.5,0.48827794,1.616694413666018,25
-12.5,248.5,0.48236957,1.616694413666018,25
-12.5,249.5,0.47885972,1.616694413666018,25
-12.5,250.5,0.47734806,1.616694413666018,25
-12.5,251.5,0.47823226,1.616694413666018,25
-12.5,252.5,0.48105612,1.616694413666018,25
-12.5,253.5,0.4854058,1.616694413666018,25
-12.5,254.5,0.49077225,1.616694413666018,25
-12.5,255.5,0.49607772,1.616694413666018,25
-12.5,256.5,0.49953496,1.616694413666018,25
-12.5,257.5,0.5010884,1.616694413666018,25
-12.5,258.5,0.5008982,1.616694413666018,25
-12.5,259.5,0.49978387,1.616694413666018,25
-12.5,260.5,0.49983993,1.616694413666018,25
-12.5,261.5,0.5011569,1.616694413666018,25
-12.5,262.5,0.50397635,1.616694413666018,25
-12.5,263.5,0.50914365,1.616694413666018,25
-12.5,264.5,0.51737374,1.616694413666018,25
-12.5,265.5,0.5279583,1.616694413666018,25
-12.5,266.5,0.53816175,1.616694413666018,25
-12.5,267.5,0.5421039,1.616694413666018,25
-12.5,268.5,0.54248947,1.616694413666018,25
-12.5,269.5,0.539633,1.616694413666018,25
-12.5,270.5,0.5355718,1.616694413666018,25
-12.5,271.5,0.5307936,1.616694413666018,25
-12.5,272.5,0.5253851,1.616694413666018,25
-12.5,273.5,0.5207544,1.616694413666018,25
-12.5,274.5,0.5177764,1.616694413666018,25
-12.5,275.5,0.5213971,1.616694413666018,25
-12.5,276.5,0.5368581,1.616694413666018,25
-12.5,277.5,0.5725552,1.616694413666018,25
-12.5,278.5,0.6324792,1.616694413666018,25
-12.5,279.5,0.71440905,1.616694413666018,25
-12.5,280.5,0.81610674,1.616694413666018,25
-12.5,281.5,0.959614,1.616694413666018,25
-12.5,282.5,1.1459243,1.616694413666018,25
-12.5,283.5,,1.616694413666018,25
-12.5,284.5,,1.616694413666018,25
-12.5,285.5,,1.616694413666018,25
-12.5,286.5,,1.616694413666018,25
-12.5,287.5,,1.616694413666018,25
-12.5,288.5,,1.616694413666018,25
-12.5,289.5,,1.616694413666018,25
-11.5,120.5,0.0828383,1.616694413666018,25
-11.5,121.5,0.083150536,1.616694413666018,25
-11.5,122.5,0.08974981,1.616694413666018,25
-11.5,123.5,0.08894073,1.616694413666018,25
-11.5,124.5,0.090108156,1.616694413666018,25
-11.5,125.5,0.09640066,1.616694413666018,25
-11.5,126.5,0.10894555,1.616694413666018,25
-11.5,127.5,0.113641135,1.616694413666018,25
-11.5,128.5,0.0998852,1.616694413666018,25
-11.5,129.5,0.08005759,1.616694413666018,25
-11.5,130.5,0.07821349,1.616694413666018,25
-11.5,131.5,,1.616694413666018,25
-11.5,132.5,-0.018508177,1.616694413666018,25
-11.5,133.5,-0.04882824,1.616694413666018,25
-11.5,134.5,-0.06701067,1.616694413666018,25
-11.5,135.5,-0.07338591,1.616694413666018,25
-11.5,136.5,-0.07912772,1.616694413666018,25
-11.5,137.5,-0.09681004,1.616694413666018,25
-11.5,138.5,-0.1355409,1.616694413666018,25
-11.5,139.5,-0.15238488,1.616694413666018,25
-11.5,140.5,-0.19251862,1.616694413666018,25
-11.5,141.5,-0.21068786,1.616694413666018,25
-11.5,142.5,,1.616694413666018,25
-11.5,143.5,-0.33104762,1.616694413666018,25
-11.5,144.5,-0.3431767,1.616694413666018,25
-11.5,145.5,-0.3596438,1.616694413666018,25
-11.5,146.5,-0.3678099,1.616694413666018,25
-11.5,147.5,-0.36971185,1.616694413666018,25
-11.5,148.5,-0.3633962,1.616694413666018,25
-11.5,149.5,-0.33764216,1.616694413666018,25
-11.5,150.5,-0.3096858,1.616694413666018,25
-11.5,151.5,-0.31237113,1.616694413666018,25
-11.5,152.5,-0.3184281,1.616694413666018,25
-11.5,153.5,-0.3207312,1.616694413666018,25
-11.5,154.5,-0.321838,1.616694413666018,25
-11.5,155.5,-0.3233654,1.616694413666018,25
-11.5,156.5,-0.32195613,1.616694413666018,25
-11.5,157.5,-0.31863427,1.616694413666018,25
-11.5,158.5,-0.31354678,1.616694413666018,25
-11.5,159.5,-0.31230083,1.616694413666018,25
-11.5,160.5,-0.31453437,1.616694413666018,25
-11.5,161.5,-0.31658795,1.616694413666018,25
-11.5,162.5,-0.31487998,1.616694413666018,25
-11.5,163.5,-0.30893818,1.616694413666018,25
-11.5,164.5,-0.3017909,1.616694413666018,25
-11.5,165.5,-0.29724735,1.616694413666018,25
-11.5,166.5,-0.29363576,1.616694413666018,25
-11.5,167.5,-0.28394875,1.616694413666018,25
-11.5,168.5,-0.27191818,1.616694413666018,25
-11.5,169.5,-0.2597389,1.616694413666018,25
-11.5,170.5,-0.24458478,1.616694413666018,25
-11.5,171.5,-0.22764379,1.616694413666018,25
-11.5,172.5,-0.20968677,1.616694413666018,25
-11.5,173.5,-0.19066715,1.616694413666018,25
-11.5,174.5,-0.17098518,1.616694413666018,25
-11.5,175.5,-0.15179421,1.616694413666018,25
-11.5,176.5,-0.13015263,1.616694413666018,25
-11.5,177.5,-0.10907167,1.616694413666018,25
-11.5,178.5,-0.08718525,1.616694413666018,25
-11.5,179.5,-0.061628625,1.616694413666018,25
-11.5,180.5,-0.034214314,1.616694413666018,25
-11.5,181.5,-0.008203697,1.616694413666018,25
-11.5,182.5,0.014056559,1.616694413666018,25
-11.5,183.5,0.032658454,1.616694413666018,25
-11.5,184.5,0.05078918,1.616694413666018,25
-11.5,185.5,0.07180603,1.616694413666018,25
-11.5,186.5,0.089392245,1.616694413666018,25
-11.5,187.5,0.10537405,1.616694413666018,25
-11.5,188.5,0.11970844,1.616694413666018,25
-11.5,189.5,0.13518338,1.616694413666018,25
-11.5,190.5,0.15346582,1.616694413666018,25
-11.5,191.5,0.17330743,1.616694413666018,25
-11.5,192.5,0.19240429,1.616694413666018,25
-11.5,193.5,0.21426864,1.616694413666018,25
-11.5,194.5,0.24074458,1.616694413666018,25
-11.5,195.5,0.2651076,1.616694413666018,25
-11.5,196.5,0.29071832,1.616694413666018,25
-11.5,197.5,0.31812942,1.616694413666018,25
-11.5,198.5,0.34710777,1.616694413666018,25
-11.5,199.5,0.37567016,1.616694413666018,25
-11.5,200.5,0.40214935,1.616694413666018,25
-11.5,201.5,0.4265847,1.616694413666018,25
-11.5,202.5,0.44785476,1.616694413666018,25
-11.5,203.5,0.4708587,1.616694413666018,25
-11.5,204.5,0.49509108,1.616694413666018,25
-11.5,205.5,0.516842,1.616694413666018,25
-11.5,206.5,0.53574806,1.616694413666018,25
-11.5,207.5,0.55212593,1.616694413666018,25
-11.5,208.5,0.56626594,1.616694413666018,25
-11.5,209.5,0.57837504,1.616694413666018,25
-11.5,210.5,0.5889342,1.616694413666018,25
-11.5,211.5,0.5992248,1.616694413666018,25
-11.5,212.5,0.61240506,1.616694413666018,25
-11.5,213.5,0.62001616,1.616694413666018,25
-11.5,214.5,0.6264665,1.616694413666018,25
-11.5,215.5,0.6334952,1.616694413666018,25
-11.5,216.5,0.6409602,1.616694413666018,25
-11.5,217.5,0.6476147,1.616694413666018,25
-11.5,218.5,0.65273887,1.616694413666018,25
-11.5,219.5,0.6569545,1.616694413666018,25
-11.5,220.5,0.6607777,1.616694413666018,25
-11.5,221.5,0.66236633,1.616694413666018,25
-11.5,222.5,0.659609,1.616694413666018,25
-11.5,223.5,0.6561212,1.616694413666018,25
-11.5,224.5,0.6528645,1.616694413666018,25
-11.5,225.5,0.6494083,1.616694413666018,25
-11.5,226.5,0.6450279,1.616694413666018,25
-11.5,227.5,0.63973445,1.616694413666018,25
-11.5,228.5,0.6343027,1.616694413666018,25
-11.5,229.5,0.62841296,1.616694413666018,25
-11.5,230.5,0.62046117,1.616694413666018,25
-11.5,231.5,0.6130892,1.616694413666018,25
-11.5,232.5,0.6055809,1.616694413666018,25
-11.5,233.5,0.5976791,1.616694413666018,25
-11.5,234.5,0.5897544,1.616694413666018,25
-11.5,235.5,0.58207375,1.616694413666018,25
-11.5,236.5,0.5743497,1.616694413666018,25
-11.5,237.5,0.56604636,1.616694413666018,25
-11.5,238.5,0.5582475,1.616694413666018,25
-11.5,239.5,0.5476499,1.616694413666018,25
-11.5,240.5,0.5388515,1.616694413666018,25
-11.5,241.5,0.5308783,1.616694413666018,25
-11.5,242.5,0.5232841,1.616694413666018,25
-11.5,243.5,0.51613903,1.616694413666018,25
-11.5,244.5,0.5097521,1.616694413666018,25
-11.5,245.5,0.50435466,1.616694413666018,25
-11.5,246.5,0.49978307,1.616694413666018,25
-11.5,247.5,0.4948034,1.616694413666018,25
-11.5,248.5,0.48959047,1.616694413666018,25
-11.5,249.5,0.48760918,1.616694413666018,25
-11.5,250.5,0.48846862,1.616694413666018,25
-11.5,251.5,0.4923889,1.616694413666018,25
-11.5,252.5,0.4986041,1.616694413666018,25
-11.5,253.5,0.5063148,1.616694413666018,25
-11.5,254.5,0.5147434,1.616694413666018,25
-11.5,255.5,0.5226933,1.616694413666018,25
-11.5,256.5,0.52821714,1.616694413666018,25
-11.5,257.5,0.5296489,1.616694413666018,25
-11.5,258.5,0.5277688,1.616694413666018,25
-11.5,259.5,0.5258723,1.616694413666018,25
-11.5,260.5,0.5255152,1.616694413666018,25
-11.5,261.5,0.5276622,1.616694413666018,25
-11.5,262.5,0.53234285,1.616694413666018,25
-11.5,263.5,0.53910965,1.616694413666018,25
-11.5,264.5,0.54777217,1.616694413666018,25
-11.5,265.5,0.55888516,1.616694413666018,25
-11.5,266.5,0.571311,1.616694413666018,25
-11.5,267.5,0.57625055,1.616694413666018,25
-11.5,268.5,0.5764843,1.616694413666018,25
-11.5,269.5,0.5734863,1.616694413666018,25
-11.5,270.5,0.56938165,1.616694413666018,25
-11.5,271.5,0.56616896,1.616694413666018,25
-11.5,272.5,0.56543577,1.616694413666018,25
-11.5,273.5,0.5685513,1.616694413666018,25
-11.5,274.5,0.57709503,1.616694413666018,25
-11.5,275.5,0.6007014,1.616694413666018,25
-11.5,276.5,0.63689005,1.616694413666018,25
-11.5,277.5,0.6885937,1.616694413666018,25
-11.5,278.5,0.75587755,1.616694413666018,25
-11.5,279.5,0.8412549,1.616694413666018,25
-11.5,280.5,0.95774496,1.616694413666018,25
-11.5,281.5,1.1053089,1.616694413666018,25
-11.5,282.5,1.2370781,1.616694413666018,25
-11.5,283.5,,1.616694413666018,25
-11.5,284.5,,1.616694413666018,25
-11.5,285.5,,1.616694413666018,25
-11.5,286.5,,1.616694413666018,25
-11.5,287.5,,1.616694413666018,25
-11.5,288.5,,1.616694413666018,25
-11.5,289.5,,1.616694413666018,25
-10.5,120.5,0.05550907,1.616694413666018,25
-10.5,121.5,0.04489362,1.616694413666018,25
-10.5,122.5,0.039740916,1.616694413666018,25
-10.5,123.5,0.04344845,1.616694413666018,25
-10.5,124.5,0.045143746,1.616694413666018,25
-10.5,125.5,0.04932891,1.616694413666018,25
-10.5,126.5,0.057285585,1.616694413666018,25
-10.5,127.5,0.0631637,1.616694413666018,25
-10.5,128.5,0.05610663,1.616694413666018,25
-10.5,129.5,0.03070508,1.616694413666018,25
-10.5,130.5,0.009881258,1.616694413666018,25
-10.5,131.5,-0.025381146,1.616694413666018,25
-10.5,132.5,-0.06253924,1.616694413666018,25
-10.5,133.5,-0.09802441,1.616694413666018,25
-10.5,134.5,-0.11664303,1.616694413666018,25
-10.5,135.5,-0.12183868,1.616694413666018,25
-10.5,136.5,-0.13141006,1.616694413666018,25
-10.5,137.5,-0.15502566,1.616694413666018,25
-10.5,138.5,-0.18126707,1.616694413666018,25
-10.5,139.5,-0.20234497,1.616694413666018,25
-10.5,140.5,-0.22978994,1.616694413666018,25
-10.5,141.5,-0.2412815,1.616694413666018,25
-10.5,142.5,,1.616694413666018,25
-10.5,143.5,-0.3568073,1.616694413666018,25
-10.5,144.5,-0.3687333,1.616694413666018,25
-10.5,145.5,-0.38410428,1.616694413666018,25
-10.5,146.5,-0.39346507,1.616694413666018,25
-10.5,147.5,-0.4029282,1.616694413666018,25
-10.5,148.5,-0.39170918,1.616694413666018,25
-10.5,149.5,-0.35043222,1.616694413666018,25
-10.5,150.5,-0.27754843,1.616694413666018,25
-10.5,151.5,-0.27784216,1.616694413666018,25
-10.5,152.5,-0.27820718,1.616694413666018,25
-10.5,153.5,-0.27913892,1.616694413666018,25
-10.5,154.5,-0.2809038,1.616694413666018,25
-10.5,155.5,-0.27916962,1.616694413666018,25
-10.5,156.5,-0.2750544,1.616694413666018,25
-10.5,157.5,-0.27500203,1.616694413666018,25
-10.5,158.5,-0.26326165,1.616694413666018,25
-10.5,159.5,-0.26020434,1.616694413666018,25
-10.5,160.5,-0.2616651,1.616694413666018,25
-10.5,161.5,-0.263032,1.616694413666018,25
-10.5,162.5,-0.26079237,1.616694413666018,25
-10.5,163.5,-0.25402904,1.616694413666018,25
-10.5,164.5,-0.24521495,1.616694413666018,25
-10.5,165.5,-0.23874645,1.616694413666018,25
-10.5,166.5,-0.23529051,1.616694413666018,25
-10.5,167.5,-0.22787195,1.616694413666018,25
-10.5,168.5,-0.21964236,1.616694413666018,25
-10.5,169.5,-0.20779437,1.616694413666018,25
-10.5,170.5,-0.19235593,1.616694413666018,25
-10.5,171.5,-0.17490414,1.616694413666018,25
-10.5,172.5,-0.15581201,1.616694413666018,25
-10.5,173.5,-0.1346349,1.616694413666018,25
-10.5,174.5,-0.11169579,1.616694413666018,25
-10.5,175.5,-0.08895774,1.616694413666018,25
-10.5,176.5,-0.06328398,1.616694413666018,25
-10.5,177.5,-0.0385978,1.616694413666018,25
-10.5,178.5,-0.014663553,1.616694413666018,25
-10.5,179.5,0.010781622,1.616694413666018,25
-10.5,180.5,0.03743017,1.616694413666018,25
-10.5,181.5,0.06338077,1.616694413666018,25
-10.5,182.5,0.086693704,1.616694413666018,25
-10.5,183.5,0.107011035,1.616694413666018,25
-10.5,184.5,0.12675865,1.616694413666018,25
-10.5,185.5,0.1514462,1.616694413666018,25
-10.5,186.5,0.17342106,1.616694413666018,25
-10.5,187.5,0.19343454,1.616694413666018,25
-10.5,188.5,0.21056473,1.616694413666018,25
-10.5,189.5,0.22816376,1.616694413666018,25
-10.5,190.5,0.24782158,1.616694413666018,25
-10.5,191.5,0.26817822,1.616694413666018,25
-10.5,192.5,0.2874244,1.616694413666018,25
-10.5,193.5,0.30853263,1.616694413666018,25
-10.5,194.5,0.3338476,1.616694413666018,25
-10.5,195.5,0.3568504,1.616694413666018,25
-10.5,196.5,0.3812171,1.616694413666018,25
-10.5,197.5,0.40775827,1.616694413666018,25
-10.5,198.5,0.4358522,1.616694413666018,25
-10.5,199.5,0.46347702,1.616694413666018,25
-10.5,200.5,0.48822868,1.616694413666018,25
-10.5,201.5,0.5085141,1.616694413666018,25
-10.5,202.5,0.5239969,1.616694413666018,25
-10.5,203.5,0.5393877,1.616694413666018,25
-10.5,204.5,0.5554809,1.616694413666018,25
-10.5,205.5,0.5713092,1.616694413666018,25
-10.5,206.5,0.5864852,1.616694413666018,25
-10.5,207.5,0.60122156,1.616694413666018,25
-10.5,208.5,0.6147602,1.616694413666018,25
-10.5,209.5,0.6257536,1.616694413666018,25
-10.5,210.5,0.63356966,1.616694413666018,25
-10.5,211.5,0.63945097,1.616694413666018,25
-10.5,212.5,0.6466618,1.616694413666018,25
-10.5,213.5,0.64975494,1.616694413666018,25
-10.5,214.5,0.65424585,1.616694413666018,25
-10.5,215.5,0.6609169,1.616694413666018,25
-10.5,216.5,0.66751814,1.616694413666018,25
-10.5,217.5,0.67290956,1.616694413666018,25
-10.5,218.5,0.677585,1.616694413666018,25
-10.5,219.5,0.6824757,1.616694413666018,25
-10.5,220.5,0.687743,1.616694413666018,25
-10.5,221.5,0.6900722,1.616694413666018,25
-10.5,222.5,0.6868269,1.616694413666018,25
-10.5,223.5,0.68224037,1.616694413666018,25
-10.5,224.5,0.6776532,1.616694413666018,25
-10.5,225.5,0.6731711,1.616694413666018,25
-10.5,226.5,0.66860366,1.616694413666018,25
-10.5,227.5,0.6640879,1.616694413666018,25
-10.5,228.5,0.6598759,1.616694413666018,25
-10.5,229.5,0.6548051,1.616694413666018,25
-10.5,230.5,0.64689124,1.616694413666018,25
-10.5,231.5,0.6391222,1.616694413666018,25
-10.5,232.5,0.6309801,1.616694413666018,25
-10.5,233.5,0.62211823,1.616694413666018,25
-10.5,234.5,0.6132434,1.616694413666018,25
-10.5,235.5,0.6048066,1.616694413666018,25
-10.5,236.5,0.5967676,1.616694413666018,25
-10.5,237.5,0.58883756,1.616694413666018,25
-10.5,238.5,0.58061963,1.616694413666018,25
-10.5,239.5,0.56958663,1.616694413666018,25
-10.5,240.5,0.5599519,1.616694413666018,25
-10.5,241.5,0.5511253,1.616694413666018,25
-10.5,242.5,0.5428824,1.616694413666018,25
-10.5,243.5,0.5351717,1.616694413666018,25
-10.5,244.5,0.5283281,1.616694413666018,25
-10.5,245.5,0.52269673,1.616694413666018,25
-10.5,246.5,0.51810014,1.616694413666018,25
-10.5,247.5,0.5139153,1.616694413666018,25
-10.5,248.5,0.5104734,1.616694413666018,25
-10.5,249.5,0.5114486,1.616694413666018,25
-10.5,250.5,0.51599073,1.616694413666018,25
-10.5,251.5,0.5235986,1.616694413666018,25
-10.5,252.5,0.5332257,1.616694413666018,25
-10.5,253.5,0.5437734,1.616694413666018,25
-10.5,254.5,0.5539874,1.616694413666018,25
-10.5,255.5,0.56224775,1.616694413666018,25
-10.5,256.5,0.5665872,1.616694413666018,25
-10.5,257.5,0.56608576,1.616694413666018,25
-10.5,258.5,0.56263375,1.616694413666018,25
-10.5,259.5,0.5611829,1.616694413666018,25
-10.5,260.5,0.5614958,1.616694413666018,25
-10.5,261.5,0.5640824,1.616694413666018,25
-10.5,262.5,0.56903625,1.616694413666018,25
-10.5,263.5,0.57570726,1.616694413666018,25
-10.5,264.5,0.58327776,1.616694413666018,25
-10.5,265.5,0.59229964,1.616694413666018,25
-10.5,266.5,0.60291666,1.616694413666018,25
-10.5,267.5,0.6065255,1.616694413666018,25
-10.5,268.5,0.60451454,1.616694413666018,25
-10.5,269.5,0.6015166,1.616694413666018,25
-10.5,270.5,0.60027915,1.616694413666018,25
-10.5,271.5,0.6024212,1.616694413666018,25
-10.5,272.5,0.6098984,1.616694413666018,25
-10.5,273.5,0.62541324,1.616694413666018,25
-10.5,274.5,0.64996094,1.616694413666018,25
-10.5,275.5,0.6952336,1.616694413666018,25
-10.5,276.5,0.7502608,1.616694413666018,25
-10.5,277.5,0.8108795,1.616694413666018,25
-10.5,278.5,0.8773705,1.616694413666018,25
-10.5,279.5,0.9692653,1.616694413666018,25
-10.5,280.5,1.1099565,1.616694413666018,25
-10.5,281.5,1.2402937,1.616694413666018,25
-10.5,282.5,,1.616694413666018,25
-10.5,283.5,,1.616694413666018,25
-10.5,284.5,,1.616694413666018,25
-10.5,285.5,,1.616694413666018,25
-10.5,286.5,,1.616694413666018,25
-10.5,287.5,,1.616694413666018,25
-10.5,288.5,,1.616694413666018,25
-10.5,289.5,,1.616694413666018,25
-9.5,120.5,0.054318123,1.616694413666018,25
-9.5,121.5,0.045461368,1.616694413666018,25
-9.5,122.5,0.025950527,1.616694413666018,25
-9.5,123.5,0.009796009,1.616694413666018,25
-9.5,124.5,0.0119923595,1.616694413666018,25
-9.5,125.5,0.011232367,1.616694413666018,25
-9.5,126.5,0.008711081,1.616694413666018,25
-9.5,127.5,0.0054453565,1.616694413666018,25
-9.5,128.5,-0.0030720234,1.616694413666018,25
-9.5,129.5,-0.021423416,1.616694413666018,25
-9.5,130.5,-0.04139611,1.616694413666018,25
-9.5,131.5,-0.07052703,1.616694413666018,25
-9.5,132.5,-0.100017,1.616694413666018,25
-9.5,133.5,-0.12721226,1.616694413666018,25
-9.5,134.5,-0.14892657,1.616694413666018,25
-9.5,135.5,-0.16720977,1.616694413666018,25
-9.5,136.5,-0.18434839,1.616694413666018,25
-9.5,137.5,-0.1994388,1.616694413666018,25
-9.5,138.5,-0.21065317,1.616694413666018,25
-9.5,139.5,-0.22776687,1.616694413666018,25
-9.5,140.5,-0.24372277,1.616694413666018,25
-9.5,141.5,-0.2626703,1.616694413666018,25
-9.5,142.5,,1.616694413666018,25
-9.5,143.5,-0.35936633,1.616694413666018,25
-9.5,144.5,-0.36489278,1.616694413666018,25
-9.5,145.5,-0.3726503,1.616694413666018,25
-9.5,146.5,-0.38045102,1.616694413666018,25
-9.5,147.5,,1.616694413666018,25
-9.5,148.5,,1.616694413666018,25
-9.5,149.5,-0.20163932,1.616694413666018,25
-9.5,150.5,-0.23962316,1.616694413666018,25
-9.5,151.5,-0.24895948,1.616694413666018,25
-9.5,152.5,-0.24517098,1.616694413666018,25
-9.5,153.5,-0.2388788,1.616694413666018,25
-9.5,154.5,-0.2357267,1.616694413666018,25
-9.5,155.5,-0.23387909,1.616694413666018,25
-9.5,156.5,-0.22977436,1.616694413666018,25
-9.5,157.5,-0.22815628,1.616694413666018,25
-9.5,158.5,-0.21481203,1.616694413666018,25
-9.5,159.5,-0.2114187,1.616694413666018,25
-9.5,160.5,-0.21283053,1.616694413666018,25
-9.5,161.5,-0.21422607,1.616694413666018,25
-9.5,162.5,-0.21203892,1.616694413666018,25
-9.5,163.5,-0.20502903,1.616694413666018,25
-9.5,164.5,-0.19515842,1.616694413666018,25
-9.5,165.5,-0.18646617,1.616694413666018,25
-9.5,166.5,-0.17972729,1.616694413666018,25
-9.5,167.5,-0.17172745,1.616694413666018,25
-9.5,168.5,-0.16454983,1.616694413666018,25
-9.5,169.5,-0.15213059,1.616694413666018,25
-9.5,170.5,-0.13595694,1.616694413666018,25
-9.5,171.5,-0.11762618,1.616694413666018,25
-9.5,172.5,-0.09770012,1.616694413666018,25
-9.5,173.5,-0.07572344,1.616694413666018,25
-9.5,174.5,-0.05113391,1.616694413666018,25
-9.5,175.5,-0.024750376,1.616694413666018,25
-9.5,176.5,0.0073290537,1.616694413666018,25
-9.5,177.5,0.03831408,1.616694413666018,25
-9.5,178.5,0.06893613,1.616694413666018,25
-9.5,179.5,0.09950247,1.616694413666018,25
-9.5,180.5,0.12892115,1.616694413666018,25
-9.5,181.5,0.15701179,1.616694413666018,25
-9.5,182.5,0.18334264,1.616694413666018,25
-9.5,183.5,0.20694534,1.616694413666018,25
-9.5,184.5,0.23066774,1.616694413666018,25
-9.5,185.5,0.26154876,1.616694413666018,25
-9.5,186.5,0.28750926,1.616694413666018,25
-9.5,187.5,0.3090566,1.616694413666018,25
-9.5,188.5,0.32740963,1.616694413666018,25
-9.5,189.5,0.3465748,1.616694413666018,25
-9.5,190.5,0.36781874,1.616694413666018,25
-9.5,191.5,0.3895972,1.616694413666018,25
-9.5,192.5,0.4102987,1.616694413666018,25
-9.5,193.5,0.43134025,1.616694413666018,25
-9.5,194.5,0.455831,1.616694413666018,25
-9.5,195.5,0.47731376,1.616694413666018,25
-9.5,196.5,0.5001911,1.616694413666018,25
-9.5,197.5,0.52502394,1.616694413666018,25
-9.5,198.5,0.55026376,1.616694413666018,25
-9.5,199.5,0.5735959,1.616694413666018,25
-9.5,200.5,0.5931884,1.616694413666018,25
-9.5,201.5,0.60823405,1.616694413666018,25
-9.5,202.5,0.6184951,1.616694413666018,25
-9.5,203.5,0.6275482,1.616694413666018,25
-9.5,204.5,0.63746804,1.616694413666018,25
-9.5,205.5,0.6488912,1.616694413666018,25
-9.5,206.5,0.66115946,1.616694413666018,25
-9.5,207.5,0.673521,1.616694413666018,25
-9.5,208.5,0.6844052,1.616694413666018,25
-9.5,209.5,0.69226885,1.616694413666018,25
-9.5,210.5,0.6968245,1.616694413666018,25
-9.5,211.5,0.6997177,1.616694413666018,25
-9.5,212.5,0.7022179,1.616694413666018,25
-9.5,213.5,0.70352995,1.616694413666018,25
-9.5,214.5,0.7063929,1.616694413666018,25
-9.5,215.5,0.71085405,1.616694413666018,25
-9.5,216.5,0.71564734,1.616694413666018,25
-9.5,217.5,0.7200261,1.616694413666018,25
-9.5,218.5,0.7242587,1.616694413666018,25
-9.5,219.5,0.728977,1.616694413666018,25
-9.5,220.5,0.73378146,1.616694413666018,25
-9.5,221.5,0.7350571,1.616694413666018,25
-9.5,222.5,0.7310334,1.616694413666018,25
-9.5,223.5,0.72609824,1.616694413666018,25
-9.5,224.5,0.7207927,1.616694413666018,25
-9.5,225.5,0.715716,1.616694413666018,25
-9.5,226.5,0.7109363,1.616694413666018,25
-9.5,227.5,0.7063037,1.616694413666018,25
-9.5,228.5,0.7016545,1.616694413666018,25
-9.5,229.5,0.69602126,1.616694413666018,25
-9.5,230.5,0.6878569,1.616694413666018,25
-9.5,231.5,0.67975944,1.616694413666018,25
-9.5,232.5,0.671126,1.616694413666018,25
-9.5,233.5,0.66191465,1.616694413666018,25
-9.5,234.5,0.6526535,1.616694413666018,25
-9.5,235.5,0.6436433,1.616694413666018,25
-9.5,236.5,0.6349956,1.616694413666018,25
-9.5,237.5,0.6266551,1.616694413666018,25
-9.5,238.5,0.6172897,1.616694413666018,25
-9.5,239.5,0.6061036,1.616694413666018,25
-9.5,240.5,0.5966153,1.616694413666018,25
-9.5,241.5,0.5877838,1.616694413666018,25
-9.5,242.5,0.5797978,1.616694413666018,25
-9.5,243.5,0.5725444,1.616694413666018,25
-9.5,244.5,0.56624717,1.616694413666018,25
-9.5,245.5,0.56135094,1.616694413666018,25
-9.5,246.5,0.5580907,1.616694413666018,25
-9.5,247.5,0.5561541,1.616694413666018,25
-9.5,248.5,0.5552577,1.616694413666018,25
-9.5,249.5,0.55908614,1.616694413666018,25
-9.5,250.5,0.56627834,1.616694413666018,25
-9.5,251.5,0.57569426,1.616694413666018,25
-9.5,252.5,0.5864559,1.616694413666018,25
-9.5,253.5,0.59730524,1.616694413666018,25
-9.5,254.5,0.60631067,1.616694413666018,25
-9.5,255.5,0.6112542,1.616694413666018,25
-9.5,256.5,0.61124414,1.616694413666018,25
-9.5,257.5,0.6078118,1.616694413666018,25
-9.5,258.5,0.6043252,1.616694413666018,25
-9.5,259.5,0.60389185,1.616694413666018,25
-9.5,260.5,0.60463464,1.616694413666018,25
-9.5,261.5,0.6070604,1.616694413666018,25
-9.5,262.5,0.61129165,1.616694413666018,25
-9.5,263.5,0.6163401,1.616694413666018,25
-9.5,264.5,0.62085396,1.616694413666018,25
-9.5,265.5,0.6249566,1.616694413666018,25
-9.5,266.5,0.62959474,1.616694413666018,25
-9.5,267.5,0.6310121,1.616694413666018,25
-9.5,268.5,0.6302477,1.616694413666018,25
-9.5,269.5,0.6303559,1.616694413666018,25
-9.5,270.5,0.6356295,1.616694413666018,25
-9.5,271.5,0.6473677,1.616694413666018,25
-9.5,272.5,0.66670173,1.616694413666018,25
-9.5,273.5,0.69674104,1.616694413666018,25
-9.5,274.5,0.7361693,1.616694413666018,25
-9.5,275.5,0.7951176,1.616694413666018,25
-9.5,276.5,0.8591096,1.616694413666018,25
-9.5,277.5,0.92185074,1.616694413666018,25
-9.5,278.5,0.99170566,1.616694413666018,25
-9.5,279.5,1.0913932,1.616694413666018,25
-9.5,280.5,1.2374073,1.616694413666018,25
-9.5,281.5,1.3666087,1.616694413666018,25
-9.5,282.5,,1.616694413666018,25
-9.5,283.5,,1.616694413666018,25
-9.5,284.5,,1.616694413666018,25
-9.5,285.5,,1.616694413666018,25
-9.5,286.5,,1.616694413666018,25
-9.5,287.5,,1.616694413666018,25
-9.5,288.5,,1.616694413666018,25
-9.5,289.5,,1.616694413666018,25
-8.5,120.5,,1.616694413666018,25
-8.5,121.5,0.045227345,1.616694413666018,25
-8.5,122.5,-0.003956957,1.616694413666018,25
-8.5,123.5,-0.022857837,1.616694413666018,25
-8.5,124.5,-0.024215784,1.616694413666018,25
-8.5,125.5,-0.043666307,1.616694413666018,25
-8.5,126.5,-0.052979328,1.616694413666018,25
-8.5,127.5,-0.04692261,1.616694413666018,25
-8.5,128.5,-0.05337409,1.616694413666018,25
-8.5,129.5,-0.07167003,1.616694413666018,25
-8.5,130.5,-0.092054605,1.616694413666018,25
-8.5,131.5,-0.11731062,1.616694413666018,25
-8.5,132.5,-0.14373523,1.616694413666018,25
-8.5,133.5,-0.16445675,1.616694413666018,25
-8.5,134.5,-0.18536335,1.616694413666018,25
-8.5,135.5,-0.20518368,1.616694413666018,25
-8.5,136.5,-0.21699236,1.616694413666018,25
-8.5,137.5,-0.22099918,1.616694413666018,25
-8.5,138.5,-0.23102623,1.616694413666018,25
-8.5,139.5,-0.23937176,1.616694413666018,25
-8.5,140.5,,1.616694413666018,25
-8.5,141.5,,1.616694413666018,25
-8.5,142.5,,1.616694413666018,25
-8.5,143.5,-0.30752254,1.616694413666018,25
-8.5,144.5,-0.3127792,1.616694413666018,25
-8.5,145.5,-0.32772565,1.616694413666018,25
-8.5,146.5,-0.35018107,1.616694413666018,25
-8.5,147.5,,1.616694413666018,25
-8.5,148.5,-0.13288043,1.616694413666018,25
-8.5,149.5,-0.18029669,1.616694413666018,25
-8.5,150.5,-0.22061771,1.616694413666018,25
-8.5,151.5,-0.22634405,1.616694413666018,25
-8.5,152.5,-0.20353474,1.616694413666018,25
-8.5,153.5,-0.1878537,1.616694413666018,25
-8.5,154.5,-0.19134161,1.616694413666018,25
-8.5,155.5,-0.20079587,1.616694413666018,25
-8.5,156.5,-0.20100696,1.616694413666018,25
-8.5,157.5,-0.19634642,1.616694413666018,25
-8.5,158.5,-0.18471003,1.616694413666018,25
-8.5,159.5,-0.1826344,1.616694413666018,25
-8.5,160.5,-0.18077508,1.616694413666018,25
-8.5,161.5,-0.18095833,1.616694413666018,25
-8.5,162.5,-0.17812452,1.616694413666018,25
-8.5,163.5,-0.1698474,1.616694413666018,25
-8.5,164.5,-0.15791027,1.616694413666018,25
-8.5,165.5,-0.14537197,1.616694413666018,25
-8.5,166.5,-0.13252474,1.616694413666018,25
-8.5,167.5,-0.118197955,1.616694413666018,25
-8.5,168.5,-0.10314962,1.616694413666018,25
-8.5,169.5,-0.08442449,1.616694413666018,25
-8.5,170.5,-0.064113334,1.616694413666018,25
-8.5,171.5,-0.042426396,1.616694413666018,25
-8.5,172.5,-0.018802108,1.616694413666018,25
-8.5,173.5,0.007606144,1.616694413666018,25
-8.5,174.5,0.037515134,1.616694413666018,25
-8.5,175.5,0.070908405,1.616694413666018,25
-8.5,176.5,0.11285832,1.616694413666018,25
-8.5,177.5,0.15203887,1.616694413666018,25
-8.5,178.5,0.18994582,1.616694413666018,25
-8.5,179.5,0.22612579,1.616694413666018,25
-8.5,180.5,0.25991538,1.616694413666018,25
-8.5,181.5,0.29179782,1.616694413666018,25
-8.5,182.5,0.32204124,1.616694413666018,25
-8.5,183.5,0.3500475,1.616694413666018,25
-8.5,184.5,0.3776519,1.616694413666018,25
-8.5,185.5,0.41134262,1.616694413666018,25
-8.5,186.5,0.43848053,1.616694413666018,25
-8.5,187.5,0.46095687,1.616694413666018,25
-8.5,188.5,0.48045188,1.616694413666018,25
-8.5,189.5,0.5014837,1.616694413666018,25
-8.5,190.5,0.5245314,1.616694413666018,25
-8.5,191.5,0.54749346,1.616694413666018,25
-8.5,192.5,0.5695883,1.616694413666018,25
-8.5,193.5,0.591786,1.616694413666018,25
-8.5,194.5,0.61512357,1.616694413666018,25
-8.5,195.5,0.6349915,1.616694413666018,25
-8.5,196.5,0.6555517,1.616694413666018,25
-8.5,197.5,0.6768128,1.616694413666018,25
-8.5,198.5,0.6969956,1.616694413666018,25
-8.5,199.5,0.71401167,1.616694413666018,25
-8.5,200.5,0.72715765,1.616694413666018,25
-8.5,201.5,0.7373409,1.616694413666018,25
-8.5,202.5,0.74413866,1.616694413666018,25
-8.5,203.5,0.75031763,1.616694413666018,25
-8.5,204.5,0.75666374,1.616694413666018,25
-8.5,205.5,0.76461786,1.616694413666018,25
-8.5,206.5,0.7733066,1.616694413666018,25
-8.5,207.5,0.7816023,1.616694413666018,25
-8.5,208.5,0.7880184,1.616694413666018,25
-8.5,209.5,0.79121995,1.616694413666018,25
-8.5,210.5,0.79089856,1.616694413666018,25
-8.5,211.5,0.78869647,1.616694413666018,25
-8.5,212.5,0.7880244,1.616694413666018,25
-8.5,213.5,0.7880246,1.616694413666018,25
-8.5,214.5,0.78856504,1.616694413666018,25
-8.5,215.5,0.7898111,1.616694413666018,25
-8.5,216.5,0.7918173,1.616694413666018,25
-8.5,217.5,0.7939016,1.616694413666018,25
-8.5,218.5,0.7955204,1.616694413666018,25
-8.5,219.5,0.7968448,1.616694413666018,25
-8.5,220.5,0.79722095,1.616694413666018,25
-8.5,221.5,0.794862,1.616694413666018,25
-8.5,222.5,0.78984314,1.616694413666018,25
-8.5,223.5,0.7849202,1.616694413666018,25
-8.5,224.5,0.77958953,1.616694413666018,25
-8.5,225.5,0.7747464,1.616694413666018,25
-8.5,226.5,0.7704982,1.616694413666018,25
-8.5,227.5,0.766161,1.616694413666018,25
-8.5,228.5,0.76107895,1.616694413666018,25
-8.5,229.5,0.75476575,1.616694413666018,25
-8.5,230.5,0.74601763,1.616694413666018,25
-8.5,231.5,0.737317,1.616694413666018,25
-8.5,232.5,0.72800666,1.616694413666018,25
-8.5,233.5,0.7183659,1.616694413666018,25
-8.5,234.5,0.7087298,1.616694413666018,25
-8.5,235.5,0.6993507,1.616694413666018,25
-8.5,236.5,0.6902528,1.616694413666018,25
-8.5,237.5,0.6811708,1.616694413666018,25
-8.5,238.5,0.67184335,1.616694413666018,25
-8.5,239.5,0.66161865,1.616694413666018,25
-8.5,240.5,0.65314317,1.616694413666018,25
-8.5,241.5,0.64527017,1.616694413666018,25
-8.5,242.5,0.6384442,1.616694413666018,25
-8.5,243.5,0.632936,1.616694413666018,25
-8.5,244.5,0.6286231,1.616694413666018,25
-8.5,245.5,0.6254054,1.616694413666018,25
-8.5,246.5,0.62370455,1.616694413666018,25
-8.5,247.5,0.62455755,1.616694413666018,25
-8.5,248.5,0.62660074,1.616694413666018,25
-8.5,249.5,0.63116586,1.616694413666018,25
-8.5,250.5,0.6378357,1.616694413666018,25
-8.5,251.5,0.64562577,1.616694413666018,25
-8.5,252.5,0.6537347,1.616694413666018,25
-8.5,253.5,0.66115737,1.616694413666018,25
-8.5,254.5,0.66635835,1.616694413666018,25
-8.5,255.5,0.6676093,1.616694413666018,25
-8.5,256.5,0.6646263,1.616694413666018,25
-8.5,257.5,0.66086334,1.616694413666018,25
-8.5,258.5,0.6588802,1.616694413666018,25
-8.5,259.5,0.658429,1.616694413666018,25
-8.5,260.5,0.658325,1.616694413666018,25
-8.5,261.5,0.6592154,1.616694413666018,25
-8.5,262.5,0.66084427,1.616694413666018,25
-8.5,263.5,0.6619815,1.616694413666018,25
-8.5,264.5,0.6616378,1.616694413666018,25
-8.5,265.5,0.6604764,1.616694413666018,25
-8.5,266.5,0.66050476,1.616694413666018,25
-8.5,267.5,0.66166514,1.616694413666018,25
-8.5,268.5,0.6633584,1.616694413666018,25
-8.5,269.5,0.6678341,1.616694413666018,25
-8.5,270.5,0.6813463,1.616694413666018,25
-8.5,271.5,0.70445406,1.616694413666018,25
-8.5,272.5,0.7355229,1.616694413666018,25
-8.5,273.5,0.77563584,1.616694413666018,25
-8.5,274.5,0.82323074,1.616694413666018,25
-8.5,275.5,0.88775206,1.616694413666018,25
-8.5,276.5,0.9517519,1.616694413666018,25
-8.5,277.5,1.013486,1.616694413666018,25
-8.5,278.5,1.0950264,1.616694413666018,25
-8.5,279.5,1.2069638,1.616694413666018,25
-8.5,280.5,1.3075043,1.616694413666018,25
-8.5,281.5,,1.616694413666018,25
-8.5,282.5,,1.616694413666018,25
-8.5,283.5,,1.616694413666018,25
-8.5,284.5,,1.616694413666018,25
-8.5,285.5,,1.616694413666018,25
-8.5,286.5,,1.616694413666018,25
-8.5,287.5,,1.616694413666018,25
-8.5,288.5,,1.616694413666018,25
-8.5,289.5,,1.616694413666018,25
-7.5,120.5,0.03655556,1.616694413666018,25
-7.5,121.5,0.03572218,1.616694413666018,25
-7.5,122.5,0.022166366,1.616694413666018,25
-7.5,123.5,-0.009729138,1.616694413666018,25
-7.5,124.5,-0.043936454,1.616694413666018,25
-7.5,125.5,-0.077524826,1.616694413666018,25
-7.5,126.5,-0.097196385,1.616694413666018,25
-7.5,127.5,-0.10563003,1.616694413666018,25
-7.5,128.5,-0.115255184,1.616694413666018,25
-7.5,129.5,-0.13225153,1.616694413666018,25
-7.5,130.5,-0.15335551,1.616694413666018,25
-7.5,131.5,-0.17739886,1.616694413666018,25
-7.5,132.5,-0.1983131,1.616694413666018,25
-7.5,133.5,-0.2161524,1.616694413666018,25
-7.5,134.5,-0.22708899,1.616694413666018,25
-7.5,135.5,-0.23225251,1.616694413666018,25
-7.5,136.5,-0.2314467,1.616694413666018,25
-7.5,137.5,-0.22205503,1.616694413666018,25
-7.5,138.5,,1.616694413666018,25
-7.5,139.5,,1.616694413666018,25
-7.5,140.5,,1.616694413666018,25
-7.5,141.5,,1.616694413666018,25
-7.5,142.5,,1.616694413666018,25
-7.5,143.5,,1.616694413666018,25
-7.5,144.5,,1.616694413666018,25
-7.5,145.5,,1.616694413666018,25
-7.5,146.5,,1.616694413666018,25
-7.5,147.5,-0.1507115,1.616694413666018,25
-7.5,148.5,-0.14290093,1.616694413666018,25
-7.5,149.5,-0.18183015,1.616694413666018,25
-7.5,150.5,-0.21521536,1.616694413666018,25
-7.5,151.5,-0.21611279,1.616694413666018,25
-7.5,152.5,-0.18460804,1.616694413666018,25
-7.5,153.5,-0.18087517,1.616694413666018,25
-7.5,154.5,-0.19983278,1.616694413666018,25
-7.5,155.5,-0.20599526,1.616694413666018,25
-7.5,156.5,-0.20010309,1.616694413666018,25
-7.5,157.5,-0.18911132,1.616694413666018,25
-7.5,158.5,-0.17811146,1.616694413666018,25
-7.5,159.5,-0.1746747,1.616694413666018,25
-7.5,160.5,-0.17028882,1.616694413666018,25
-7.5,161.5,-0.16469249,1.616694413666018,25
-7.5,162.5,-0.15484452,1.616694413666018,25
-7.5,163.5,-0.13976184,1.616694413666018,25
-7.5,164.5,-0.12083946,1.616694413666018,25
-7.5,165.5,-0.0996255,1.616694413666018,25
-7.5,166.5,-0.07519933,1.616694413666018,25
-7.5,167.5,-0.04454833,1.616694413666018,25
-7.5,168.5,-0.014628001,1.616694413666018,25
-7.5,169.5,0.016668253,1.616694413666018,25
-7.5,170.5,0.047569886,1.616694413666018,25
-7.5,171.5,0.07873806,1.616694413666018,25
-7.5,172.5,0.11138782,1.616694413666018,25
-7.5,173.5,0.14678301,1.616694413666018,25
-7.5,174.5,0.18589796,1.616694413666018,25
-7.5,175.5,0.22806023,1.616694413666018,25
-7.5,176.5,0.27835032,1.616694413666018,25
-7.5,177.5,0.32382643,1.616694413666018,25
-7.5,178.5,0.36624682,1.616694413666018,25
-7.5,179.5,0.40569106,1.616694413666018,25
-7.5,180.5,0.4425422,1.616694413666018,25
-7.5,181.5,0.47718263,1.616694413666018,25
-7.5,182.5,0.5097506,1.616694413666018,25
-7.5,183.5,0.5402279,1.616694413666018,25
-7.5,184.5,0.56903094,1.616694413666018,25
-7.5,185.5,0.6021255,1.616694413666018,25
-7.5,186.5,0.62915957,1.616694413666018,25
-7.5,187.5,0.65254027,1.616694413666018,25
-7.5,188.5,0.67274666,1.616694413666018,25
-7.5,189.5,0.69484574,1.616694413666018,25
-7.5,190.5,0.719326,1.616694413666018,25
-7.5,191.5,0.7435825,1.616694413666018,25
-7.5,192.5,0.766786,1.616694413666018,25
-7.5,193.5,0.7906243,1.616694413666018,25
-7.5,194.5,0.81476516,1.616694413666018,25
-7.5,195.5,0.833546,1.616694413666018,25
-7.5,196.5,0.85080636,1.616694413666018,25
-7.5,197.5,0.86658007,1.616694413666018,25
-7.5,198.5,0.88065207,1.616694413666018,25
-7.5,199.5,0.8922746,1.616694413666018,25
-7.5,200.5,0.9011157,1.616694413666018,25
-7.5,201.5,0.9078108,1.616694413666018,25
-7.5,202.5,0.9126238,1.616694413666018,25
-7.5,203.5,0.9173109,1.616694413666018,25
-7.5,204.5,0.9204248,1.616694413666018,25
-7.5,205.5,0.9244685,1.616694413666018,25
-7.5,206.5,0.9292066,1.616694413666018,25
-7.5,207.5,0.9328262,1.616694413666018,25
-7.5,208.5,0.93349624,1.616694413666018,25
-7.5,209.5,0.9304025,1.616694413666018,25
-7.5,210.5,0.9243315,1.616694413666018,25
-7.5,211.5,0.91802335,1.616694413666018,25
-7.5,212.5,0.91428816,1.616694413666018,25
-7.5,213.5,0.9119138,1.616694413666018,25
-7.5,214.5,0.90894055,1.616694413666018,25
-7.5,215.5,0.90593743,1.616694413666018,25
-7.5,216.5,0.9038112,1.616694413666018,25
-7.5,217.5,0.9018031,1.616694413666018,25
-7.5,218.5,0.89866453,1.616694413666018,25
-7.5,219.5,0.8942308,1.616694413666018,25
-7.5,220.5,0.8883466,1.616694413666018,25
-7.5,221.5,0.87975204,1.616694413666018,25
-7.5,222.5,0.8717273,1.616694413666018,25
-7.5,223.5,0.8647388,1.616694413666018,25
-7.5,224.5,0.85864663,1.616694413666018,25
-7.5,225.5,0.853629,1.616694413666018,25
-7.5,226.5,0.8492144,1.616694413666018,25
-7.5,227.5,0.8443966,1.616694413666018,25
-7.5,228.5,0.8382948,1.616694413666018,25
-7.5,229.5,0.8308656,1.616694413666018,25
-7.5,230.5,0.8210514,1.616694413666018,25
-7.5,231.5,0.8114202,1.616694413666018,25
-7.5,232.5,0.8012232,1.616694413666018,25
-7.5,233.5,0.7912399,1.616694413666018,25
-7.5,234.5,0.7815851,1.616694413666018,25
-7.5,235.5,0.7720793,1.616694413666018,25
-7.5,236.5,0.76277703,1.616694413666018,25
-7.5,237.5,0.7541496,1.616694413666018,25
-7.5,238.5,0.7463502,1.616694413666018,25
-7.5,239.5,0.73794013,1.616694413666018,25
-7.5,240.5,0.73132414,1.616694413666018,25
-7.5,241.5,0.72556627,1.616694413666018,25
-7.5,242.5,0.721008,1.616694413666018,25
-7.5,243.5,0.7177765,1.616694413666018,25
-7.5,244.5,0.7154334,1.616694413666018,25
-7.5,245.5,0.71369195,1.616694413666018,25
-7.5,246.5,0.7130563,1.616694413666018,25
-7.5,247.5,0.7145822,1.616694413666018,25
-7.5,248.5,0.71632487,1.616694413666018,25
-7.5,249.5,0.7189096,1.616694413666018,25
-7.5,250.5,0.72202253,1.616694413666018,25
-7.5,251.5,0.7255715,1.616694413666018,25
-7.5,252.5,0.7291108,1.616694413666018,25
-7.5,253.5,0.73190767,1.616694413666018,25
-7.5,254.5,0.73316145,1.616694413666018,25
-7.5,255.5,0.7324608,1.616694413666018,25
-7.5,256.5,0.73044497,1.616694413666018,25
-7.5,257.5,0.7301236,1.616694413666018,25
-7.5,258.5,0.7283455,1.616694413666018,25
-7.5,259.5,0.7267695,1.616694413666018,25
-7.5,260.5,0.72542983,1.616694413666018,25
-7.5,261.5,0.7237764,1.616694413666018,25
-7.5,262.5,0.7206557,1.616694413666018,25
-7.5,263.5,0.7155892,1.616694413666018,25
-7.5,264.5,0.7097731,1.616694413666018,25
-7.5,265.5,0.70538765,1.616694413666018,25
-7.5,266.5,0.70397156,1.616694413666018,25
-7.5,267.5,0.7064925,1.616694413666018,25
-7.5,268.5,0.7124524,1.616694413666018,25
-7.5,269.5,0.7235732,1.616694413666018,25
-7.5,270.5,0.74564826,1.616694413666018,25
-7.5,271.5,0.7778514,1.616694413666018,25
-7.5,272.5,0.816194,1.616694413666018,25
-7.5,273.5,0.8595489,1.616694413666018,25
-7.5,274.5,0.906725,1.616694413666018,25
-7.5,275.5,0.965326,1.616694413666018,25
-7.5,276.5,1.0182891,1.616694413666018,25
-7.5,277.5,1.0750377,1.616694413666018,25
-7.5,278.5,1.1645637,1.616694413666018,25
-7.5,279.5,1.2997861,1.616694413666018,25
-7.5,280.5,1.391142,1.616694413666018,25
-7.5,281.5,,1.616694413666018,25
-7.5,282.5,,1.616694413666018,25
-7.5,283.5,,1.616694413666018,25
-7.5,284.5,,1.616694413666018,25
-7.5,285.5,,1.616694413666018,25
-7.5,286.5,,1.616694413666018,25
-7.5,287.5,,1.616694413666018,25
-7.5,288.5,,1.616694413666018,25
-7.5,289.5,,1.616694413666018,25
-6.5,120.5,0.033354722,1.616694413666018,25
-6.5,121.5,0.035155896,1.616694413666018,25
-6.5,122.5,-0.0021579552,1.616694413666018,25
-6.5,123.5,-0.056367874,1.616694413666018,25
-6.5,124.5,-0.08964987,1.616694413666018,25
-6.5,125.5,-0.11260803,1.616694413666018,25
-6.5,126.5,-0.13300537,1.616694413666018,25
-6.5,127.5,-0.15201311,1.616694413666018,25
-6.5,128.5,-0.16935667,1.616694413666018,25
-6.5,129.5,-0.18800314,1.616694413666018,25
-6.5,130.5,-0.2086738,1.616694413666018,25
-6.5,131.5,-0.23061995,1.616694413666018,25
-6.5,132.5,-0.24849567,1.616694413666018,25
-6.5,133.5,-0.25732705,1.616694413666018,25
-6.5,134.5,-0.2432189,1.616694413666018,25
-6.5,135.5,-0.24306081,1.616694413666018,25
-6.5,136.5,-0.2549815,1.616694413666018,25
-6.5,137.5,-0.24698704,1.616694413666018,25
-6.5,138.5,-0.211171,1.616694413666018,25
-6.5,139.5,,1.616694413666018,25
-6.5,140.5,,1.616694413666018,25
-6.5,141.5,,1.616694413666018,25
-6.5,142.5,,1.616694413666018,25
-6.5,143.5,,1.616694413666018,25
-6.5,144.5,,1.616694413666018,25
-6.5,145.5,,1.616694413666018,25
-6.5,146.5,,1.616694413666018,25
-6.5,147.5,,1.616694413666018,25
-6.5,148.5,-0.18457215,1.616694413666018,25
-6.5,149.5,-0.22434863,1.616694413666018,25
-6.5,150.5,-0.25107312,1.616694413666018,25
-6.5,151.5,-0.25186953,1.616694413666018,25
-6.5,152.5,-0.23920296,1.616694413666018,25
-6.5,153.5,-0.24332947,1.616694413666018,25
-6.5,154.5,-0.24584343,1.616694413666018,25
-6.5,155.5,-0.22391444,1.616694413666018,25
-6.5,156.5,-0.19994782,1.616694413666018,25
-6.5,157.5,-0.18824701,1.616694413666018,25
-6.5,158.5,-0.17933483,1.616694413666018,25
-6.5,159.5,-0.16337356,1.616694413666018,25
-6.5,160.5,-0.14373542,1.616694413666018,25
-6.5,161.5,-0.12295226,1.616694413666018,25
-6.5,162.5,-0.099705175,1.616694413666018,25
-6.5,163.5,-0.07218755,1.616694413666018,25
-6.5,164.5,-0.039586164,1.616694413666018,25
-6.5,165.5,-0.0020995426,1.616694413666018,25
-6.5,166.5,0.039682902,1.616694413666018,25
-6.5,167.5,0.09027667,1.616694413666018,25
-6.5,168.5,0.13354425,1.616694413666018,25
-6.5,169.5,0.17532879,1.616694413666018,25
-6.5,170.5,0.21610363,1.616694413666018,25
-6.5,171.5,0.25657052,1.616694413666018,25
-6.5,172.5,0.2982165,1.616694413666018,25
-6.5,173.5,0.34243047,1.616694413666018,25
-6.5,174.5,0.38930634,1.616694413666018,25
-6.5,175.5,0.4374726,1.616694413666018,25
-6.5,176.5,0.49291015,1.616694413666018,25
-6.5,177.5,0.53982645,1.616694413666018,25
-6.5,178.5,0.5832694,1.616694413666018,25
-6.5,179.5,0.6247779,1.616694413666018,25
-6.5,180.5,0.66296923,1.616694413666018,25
-6.5,181.5,0.6970283,1.616694413666018,25
-6.5,182.5,0.7279819,1.616694413666018,25
-6.5,183.5,0.7578575,1.616694413666018,25
-6.5,184.5,0.78640723,1.616694413666018,25
-6.5,185.5,0.81801,1.616694413666018,25
-6.5,186.5,0.84432924,1.616694413666018,25
-6.5,187.5,0.8688946,1.616694413666018,25
-6.5,188.5,0.8916552,1.616694413666018,25
-6.5,189.5,0.91517746,1.616694413666018,25
-6.5,190.5,0.9404465,1.616694413666018,25
-6.5,191.5,0.96608186,1.616694413666018,25
-6.5,192.5,0.99013305,1.616694413666018,25
-6.5,193.5,1.0136399,1.616694413666018,25
-6.5,194.5,1.0364534,1.616694413666018,25
-6.5,195.5,1.0513301,1.616694413666018,25
-6.5,196.5,1.0633851,1.616694413666018,25
-6.5,197.5,1.0742677,1.616694413666018,25
-6.5,198.5,1.0846242,1.616694413666018,25
-6.5,199.5,1.094036,1.616694413666018,25
-6.5,200.5,1.1014956,1.616694413666018,25
-6.5,201.5,1.1064526,1.616694413666018,25
-6.5,202.5,1.1101006,1.616694413666018,25
-6.5,203.5,1.1136498,1.616694413666018,25
-6.5,204.5,1.1145368,1.616694413666018,25
-6.5,205.5,1.1154934,1.616694413666018,25
-6.5,206.5,1.1156344,1.616694413666018,25
-6.5,207.5,1.1139264,1.616694413666018,25
-6.5,208.5,1.1095324,1.616694413666018,25
-6.5,209.5,1.1024888,1.616694413666018,25
-6.5,210.5,1.0941713,1.616694413666018,25
-6.5,211.5,1.0870385,1.616694413666018,25
-6.5,212.5,1.0806516,1.616694413666018,25
-6.5,213.5,1.074781,1.616694413666018,25
-6.5,214.5,1.0691137,1.616694413666018,25
-6.5,215.5,1.0625383,1.616694413666018,25
-6.5,216.5,1.0557193,1.616694413666018,25
-6.5,217.5,1.048041,1.616694413666018,25
-6.5,218.5,1.0384175,1.616694413666018,25
-6.5,219.5,1.0269006,1.616694413666018,25
-6.5,220.5,1.0140036,1.616694413666018,25
-6.5,221.5,0.99817824,1.616694413666018,25
-6.5,222.5,0.9846878,1.616694413666018,25
-6.5,223.5,0.9737367,1.616694413666018,25
-6.5,224.5,0.9644329,1.616694413666018,25
-6.5,225.5,0.9570789,1.616694413666018,25
-6.5,226.5,0.95075387,1.616694413666018,25
-6.5,227.5,0.94393235,1.616694413666018,25
-6.5,228.5,0.9358696,1.616694413666018,25
-6.5,229.5,0.92658234,1.616694413666018,25
-6.5,230.5,0.91464674,1.616694413666018,25
-6.5,231.5,0.9032227,1.616694413666018,25
-6.5,232.5,0.89195514,1.616694413666018,25
-6.5,233.5,0.88122773,1.616694413666018,25
-6.5,234.5,0.87154317,1.616694413666018,25
-6.5,235.5,0.8626404,1.616694413666018,25
-6.5,236.5,0.8541643,1.616694413666018,25
-6.5,237.5,0.8463964,1.616694413666018,25
-6.5,238.5,0.8398729,1.616694413666018,25
-6.5,239.5,0.8329575,1.616694413666018,25
-6.5,240.5,0.827492,1.616694413666018,25
-6.5,241.5,0.8237552,1.616694413666018,25
-6.5,242.5,0.821427,1.616694413666018,25
-6.5,243.5,0.81995225,1.616694413666018,25
-6.5,244.5,0.818849,1.616694413666018,25
-6.5,245.5,0.81799316,1.616694413666018,25
-6.5,246.5,0.81766915,1.616694413666018,25
-6.5,247.5,0.8179243,1.616694413666018,25
-6.5,248.5,0.817786,1.616694413666018,25
-6.5,249.5,0.8175238,1.616694413666018,25
-6.5,250.5,0.816657,1.616694413666018,25
-6.5,251.5,0.8161862,1.616694413666018,25
-6.5,252.5,0.8159981,1.616694413666018,25
-6.5,253.5,0.81559473,1.616694413666018,25
-6.5,254.5,0.8147725,1.616694413666018,25
-6.5,255.5,0.81398684,1.616694413666018,25
-6.5,256.5,0.8141054,1.616694413666018,25
-6.5,257.5,0.8153885,1.616694413666018,25
-6.5,258.5,0.8133073,1.616694413666018,25
-6.5,259.5,0.81032616,1.616694413666018,25
-6.5,260.5,0.8066942,1.616694413666018,25
-6.5,261.5,0.801577,1.616694413666018,25
-6.5,262.5,0.79415774,1.616694413666018,25
-6.5,263.5,0.785043,1.616694413666018,25
-6.5,264.5,0.77672255,1.616694413666018,25
-6.5,265.5,0.77187955,1.616694413666018,25
-6.5,266.5,0.7713435,1.616694413666018,25
-6.5,267.5,0.7754738,1.616694413666018,25
-6.5,268.5,0.78606474,1.616694413666018,25
-6.5,269.5,0.8035154,1.616694413666018,25
-6.5,270.5,0.8313231,1.616694413666018,25
-6.5,271.5,0.8667047,1.616694413666018,25
-6.5,272.5,0.90441424,1.616694413666018,25
-6.5,273.5,0.9428798,1.616694413666018,25
-6.5,274.5,0.98237586,1.616694413666018,25
-6.5,275.5,1.0258616,1.616694413666018,25
-6.5,276.5,1.0617902,1.616694413666018,25
-6.5,277.5,1.1044806,1.616694413666018,25
-6.5,278.5,1.1645865,1.616694413666018,25
-6.5,279.5,1.2565737,1.616694413666018,25
-6.5,280.5,,1.616694413666018,25
-6.5,281.5,,1.616694413666018,25
-6.5,282.5,,1.616694413666018,25
-6.5,283.5,,1.616694413666018,25
-6.5,284.5,,1.616694413666018,25
-6.5,285.5,,1.616694413666018,25
-6.5,286.5,,1.616694413666018,25
-6.5,287.5,,1.616694413666018,25
-6.5,288.5,,1.616694413666018,25
-6.5,289.5,,1.616694413666018,25
-5.5,120.5,0.04420044,1.616694413666018,25
-5.5,121.5,0.03482113,1.616694413666018,25
-5.5,122.5,-0.0056154635,1.616694413666018,25
-5.5,123.5,-0.090818614,1.616694413666018,25
-5.5,124.5,-0.12834077,1.616694413666018,25
-5.5,125.5,-0.14465083,1.616694413666018,25
-5.5,126.5,-0.16581288,1.616694413666018,25
-5.5,127.5,-0.19294533,1.616694413666018,25
-5.5,128.5,-0.21638079,1.616694413666018,25
-5.5,129.5,-0.23603958,1.616694413666018,25
-5.5,130.5,-0.25540042,1.616694413666018,25
-5.5,131.5,-0.2755167,1.616694413666018,25
-5.5,132.5,-0.29040587,1.616694413666018,25
-5.5,133.5,-0.2876963,1.616694413666018,25
-5.5,134.5,-0.26899907,1.616694413666018,25
-5.5,135.5,-0.2798946,1.616694413666018,25
-5.5,136.5,-0.31901562,1.616694413666018,25
-5.5,137.5,-0.34373656,1.616694413666018,25
-5.5,138.5,,1.616694413666018,25
-5.5,139.5,,1.616694413666018,25
-5.5,140.5,,1.616694413666018,25
-5.5,141.5,,1.616694413666018,25
-5.5,142.5,,1.616694413666018,25
-5.5,143.5,,1.616694413666018,25
-5.5,144.5,,1.616694413666018,25
-5.5,145.5,,1.616694413666018,25
-5.5,146.5,-0.25401074,1.616694413666018,25
-5.5,147.5,-0.25106534,1.616694413666018,25
-5.5,148.5,-0.25281915,1.616694413666018,25
-5.5,149.5,-0.26927382,1.616694413666018,25
-5.5,150.5,,1.616694413666018,25
-5.5,151.5,-0.30166003,1.616694413666018,25
-5.5,152.5,-0.32949948,1.616694413666018,25
-5.5,153.5,-0.31309316,1.616694413666018,25
-5.5,154.5,-0.2612261,1.616694413666018,25
-5.5,155.5,-0.2051823,1.616694413666018,25
-5.5,156.5,-0.16693653,1.616694413666018,25
-5.5,157.5,-0.14287886,1.616694413666018,25
-5.5,158.5,-0.11296791,1.616694413666018,25
-5.5,159.5,-0.078540534,1.616694413666018,25
-5.5,160.5,-0.043890238,1.616694413666018,25
-5.5,161.5,-0.009443903,1.616694413666018,25
-5.5,162.5,0.027672682,1.616694413666018,25
-5.5,163.5,0.07031458,1.616694413666018,25
-5.5,164.5,0.11902704,1.616694413666018,25
-5.5,165.5,0.17146856,1.616694413666018,25
-5.5,166.5,0.22433633,1.616694413666018,25
-5.5,167.5,0.28425068,1.616694413666018,25
-5.5,168.5,0.33313805,1.616694413666018,25
-5.5,169.5,0.38050392,1.616694413666018,25
-5.5,170.5,0.42683563,1.616694413666018,25
-5.5,171.5,0.4732482,1.616694413666018,25
-5.5,172.5,0.5209076,1.616694413666018,25
-5.5,173.5,0.57004976,1.616694413666018,25
-5.5,174.5,0.61965406,1.616694413666018,25
-5.5,175.5,0.668683,1.616694413666018,25
-5.5,176.5,0.72329694,1.616694413666018,25
-5.5,177.5,0.768564,1.616694413666018,25
-5.5,178.5,0.8117941,1.616694413666018,25
-5.5,179.5,0.85348696,1.616694413666018,25
-5.5,180.5,0.89100814,1.616694413666018,25
-5.5,181.5,0.92340624,1.616694413666018,25
-5.5,182.5,0.9525302,1.616694413666018,25
-5.5,183.5,0.9811559,1.616694413666018,25
-5.5,184.5,1.0086526,1.616694413666018,25
-5.5,185.5,1.0386745,1.616694413666018,25
-5.5,186.5,1.0646167,1.616694413666018,25
-5.5,187.5,1.0904676,1.616694413666018,25
-5.5,188.5,1.1157944,1.616694413666018,25
-5.5,189.5,1.1407442,1.616694413666018,25
-5.5,190.5,1.1653844,1.616694413666018,25
-5.5,191.5,1.1892675,1.616694413666018,25
-5.5,192.5,1.2115878,1.616694413666018,25
-5.5,193.5,1.2324213,1.616694413666018,25
-5.5,194.5,1.2503334,1.616694413666018,25
-5.5,195.5,1.2613968,1.616694413666018,25
-5.5,196.5,1.2701296,1.616694413666018,25
-5.5,197.5,1.2778089,1.616694413666018,25
-5.5,198.5,1.2855964,1.616694413666018,25
-5.5,199.5,1.2935883,1.616694413666018,25
-5.5,200.5,1.3008342,1.616694413666018,25
-5.5,201.5,1.3063148,1.616694413666018,25
-5.5,202.5,1.3106568,1.616694413666018,25
-5.5,203.5,1.3149314,1.616694413666018,25
-5.5,204.5,1.3167108,1.616694413666018,25
-5.5,205.5,1.3165329,1.616694413666018,25
-5.5,206.5,1.3143085,1.616694413666018,25
-5.5,207.5,1.3098117,1.616694413666018,25
-5.5,208.5,1.3032306,1.616694413666018,25
-5.5,209.5,1.2953779,1.616694413666018,25
-5.5,210.5,1.2875782,1.616694413666018,25
-5.5,211.5,1.281055,1.616694413666018,25
-5.5,212.5,1.274621,1.616694413666018,25
-5.5,213.5,1.2673374,1.616694413666018,25
-5.5,214.5,1.259624,1.616694413666018,25
-5.5,215.5,1.2501602,1.616694413666018,25
-5.5,216.5,1.2389925,1.616694413666018,25
-5.5,217.5,1.2261273,1.616694413666018,25
-5.5,218.5,1.2115101,1.616694413666018,25
-5.5,219.5,1.1953988,1.616694413666018,25
-5.5,220.5,1.1783661,1.616694413666018,25
-5.5,221.5,1.1586195,1.616694413666018,25
-5.5,222.5,1.1413759,1.616694413666018,25
-5.5,223.5,1.126623,1.616694413666018,25
-5.5,224.5,1.1131768,1.616694413666018,25
-5.5,225.5,1.1015228,1.616694413666018,25
-5.5,226.5,1.0911341,1.616694413666018,25
-5.5,227.5,1.0808194,1.616694413666018,25
-5.5,228.5,1.0698822,1.616694413666018,25
-5.5,229.5,1.0579425,1.616694413666018,25
-5.5,230.5,1.0425687,1.616694413666018,25
-5.5,231.5,1.028565,1.616694413666018,25
-5.5,232.5,1.0156326,1.616694413666018,25
-5.5,233.5,1.0034087,1.616694413666018,25
-5.5,234.5,0.992547,1.616694413666018,25
-5.5,235.5,0.98280066,1.616694413666018,25
-5.5,236.5,0.9736836,1.616694413666018,25
-5.5,237.5,0.9653601,1.616694413666018,25
-5.5,238.5,0.9575983,1.616694413666018,25
-5.5,239.5,0.94979066,1.616694413666018,25
-5.5,240.5,0.94371396,1.616694413666018,25
-5.5,241.5,0.93908846,1.616694413666018,25
-5.5,242.5,0.9365199,1.616694413666018,25
-5.5,243.5,0.9356355,1.616694413666018,25
-5.5,244.5,0.9354428,1.616694413666018,25
-5.5,245.5,0.9349385,1.616694413666018,25
-5.5,246.5,0.93360186,1.616694413666018,25
-5.5,247.5,0.9314213,1.616694413666018,25
-5.5,248.5,0.9285071,1.616694413666018,25
-5.5,249.5,0.925654,1.616694413666018,25
-5.5,250.5,0.92272323,1.616694413666018,25
-5.5,251.5,0.9194522,1.616694413666018,25
-5.5,252.5,0.91629,1.616694413666018,25
-5.5,253.5,0.91386926,1.616694413666018,25
-5.5,254.5,0.91268706,1.616694413666018,25
-5.5,255.5,0.9127867,1.616694413666018,25
-5.5,256.5,0.9133788,1.616694413666018,25
-5.5,257.5,0.9128928,1.616694413666018,25
-5.5,258.5,0.909075,1.616694413666018,25
-5.5,259.5,0.9054592,1.616694413666018,25
-5.5,260.5,0.9003868,1.616694413666018,25
-5.5,261.5,0.89397043,1.616694413666018,25
-5.5,262.5,0.8869045,1.616694413666018,25
-5.5,263.5,0.88004565,1.616694413666018,25
-5.5,264.5,0.8746272,1.616694413666018,25
-5.5,265.5,0.8729265,1.616694413666018,25
-5.5,266.5,0.87462527,1.616694413666018,25
-5.5,267.5,0.8788295,1.616694413666018,25
-5.5,268.5,0.888282,1.616694413666018,25
-5.5,269.5,0.9046227,1.616694413666018,25
-5.5,270.5,0.92856735,1.616694413666018,25
-5.5,271.5,0.9575558,1.616694413666018,25
-5.5,272.5,0.98739755,1.616694413666018,25
-5.5,273.5,1.0152194,1.616694413666018,25
-5.5,274.5,1.0410424,1.616694413666018,25
-5.5,275.5,1.0662662,1.616694413666018,25
-5.5,276.5,1.0880731,1.616694413666018,25
-5.5,277.5,1.114228,1.616694413666018,25
-5.5,278.5,1.145521,1.616694413666018,25
-5.5,279.5,,1.616694413666018,25
-5.5,280.5,,1.616694413666018,25
-5.5,281.5,,1.616694413666018,25
-5.5,282.5,,1.616694413666018,25
-5.5,283.5,,1.616694413666018,25
-5.5,284.5,,1.616694413666018,25
-5.5,285.5,,1.616694413666018,25
-5.5,286.5,,1.616694413666018,25
-5.5,287.5,,1.616694413666018,25
-5.5,288.5,,1.616694413666018,25
-5.5,289.5,,1.616694413666018,25
-4.5,120.5,,1.616694413666018,25
-4.5,121.5,,1.616694413666018,25
-4.5,122.5,,1.616694413666018,25
-4.5,123.5,-0.13746841,1.616694413666018,25
-4.5,124.5,-0.159378,1.616694413666018,25
-4.5,125.5,-0.16503564,1.616694413666018,25
-4.5,126.5,-0.18391328,1.616694413666018,25
-4.5,127.5,-0.21639533,1.616694413666018,25
-4.5,128.5,-0.24687558,1.616694413666018,25
-4.5,129.5,-0.2677494,1.616694413666018,25
-4.5,130.5,-0.28356272,1.616694413666018,25
-4.5,131.5,-0.29133126,1.616694413666018,25
-4.5,132.5,-0.2995815,1.616694413666018,25
-4.5,133.5,-0.29971507,1.616694413666018,25
-4.5,134.5,-0.29813674,1.616694413666018,25
-4.5,135.5,-0.30962008,1.616694413666018,25
-4.5,136.5,,1.616694413666018,25
-4.5,137.5,,1.616694413666018,25
-4.5,138.5,,1.616694413666018,25
-4.5,139.5,,1.616694413666018,25
-4.5,140.5,,1.616694413666018,25
-4.5,141.5,,1.616694413666018,25
-4.5,142.5,,1.616694413666018,25
-4.5,143.5,,1.616694413666018,25
-4.5,144.5,,1.616694413666018,25
-4.5,145.5,-0.274823,1.616694413666018,25
-4.5,146.5,-0.26119962,1.616694413666018,25
-4.5,147.5,-0.24111982,1.616694413666018,25
-4.5,148.5,-0.22396871,1.616694413666018,25
-4.5,149.5,-0.22353508,1.616694413666018,25
-4.5,150.5,-0.23210555,1.616694413666018,25
-4.5,151.5,,1.616694413666018,25
-4.5,152.5,-0.30066168,1.616694413666018,25
-4.5,153.5,-0.26054057,1.616694413666018,25
-4.5,154.5,-0.17552023,1.616694413666018,25
-4.5,155.5,-0.11567721,1.616694413666018,25
-4.5,156.5,-0.0734147,1.616694413666018,25
-4.5,157.5,-0.028828401,1.616694413666018,25
-4.5,158.5,0.019812727,1.616694413666018,25
-4.5,159.5,0.06505245,1.616694413666018,25
-4.5,160.5,0.1119313,1.616694413666018,25
-4.5,161.5,0.16005573,1.616694413666018,25
-4.5,162.5,0.21051298,1.616694413666018,25
-4.5,163.5,0.2644152,1.616694413666018,25
-4.5,164.5,0.32144603,1.616694413666018,25
-4.5,165.5,0.37940744,1.616694413666018,25
-4.5,166.5,0.43558186,1.616694413666018,25
-4.5,167.5,0.49692708,1.616694413666018,25
-4.5,168.5,0.5477824,1.616694413666018,25
-4.5,169.5,0.59721166,1.616694413666018,25
-4.5,170.5,0.6462268,1.616694413666018,25
-4.5,171.5,0.6954857,1.616694413666018,25
-4.5,172.5,0.7453836,1.616694413666018,25
-4.5,173.5,0.7954443,1.616694413666018,25
-4.5,174.5,0.8442743,1.616694413666018,25
-4.5,175.5,0.8912594,1.616694413666018,25
-4.5,176.5,0.9428724,1.616694413666018,25
-4.5,177.5,0.9861876,1.616694413666018,25
-4.5,178.5,1.0270816,1.616694413666018,25
-4.5,179.5,1.0660397,1.616694413666018,25
-4.5,180.5,1.1012812,1.616694413666018,25
-4.5,181.5,1.1325405,1.616694413666018,25
-4.5,182.5,1.1610825,1.616694413666018,25
-4.5,183.5,1.1883125,1.616694413666018,25
-4.5,184.5,1.2153773,1.616694413666018,25
-4.5,185.5,1.2452571,1.616694413666018,25
-4.5,186.5,1.2703224,1.616694413666018,25
-4.5,187.5,1.295143,1.616694413666018,25
-4.5,188.5,1.3194653,1.616694413666018,25
-4.5,189.5,1.3428521,1.616694413666018,25
-4.5,190.5,1.3652157,1.616694413666018,25
-4.5,191.5,1.3862153,1.616694413666018,25
-4.5,192.5,1.4050665,1.616694413666018,25
-4.5,193.5,1.4219034,1.616694413666018,25
-4.5,194.5,1.435791,1.616694413666018,25
-4.5,195.5,1.4456749,1.616694413666018,25
-4.5,196.5,1.4540184,1.616694413666018,25
-4.5,197.5,1.4616433,1.616694413666018,25
-4.5,198.5,1.4694214,1.616694413666018,25
-4.5,199.5,1.4772294,1.616694413666018,25
-4.5,200.5,1.4844928,1.616694413666018,25
-4.5,201.5,1.491028,1.616694413666018,25
-4.5,202.5,1.4971046,1.616694413666018,25
-4.5,203.5,1.502848,1.616694413666018,25
-4.5,204.5,1.5069722,1.616694413666018,25
-4.5,205.5,1.508128,1.616694413666018,25
-4.5,206.5,1.5062758,1.616694413666018,25
-4.5,207.5,1.5013198,1.616694413666018,25
-4.5,208.5,1.4943897,1.616694413666018,25
-4.5,209.5,1.4872196,1.616694413666018,25
-4.5,210.5,1.4809107,1.616694413666018,25
-4.5,211.5,1.4753156,1.616694413666018,25
-4.5,212.5,1.4695942,1.616694413666018,25
-4.5,213.5,1.4633542,1.616694413666018,25
-4.5,214.5,1.4563919,1.616694413666018,25
-4.5,215.5,1.4469644,1.616694413666018,25
-4.5,216.5,1.4350728,1.616694413666018,25
-4.5,217.5,1.4213557,1.616694413666018,25
-4.5,218.5,1.4065285,1.616694413666018,25
-4.5,219.5,1.391086,1.616694413666018,25
-4.5,220.5,1.375271,1.616694413666018,25
-4.5,221.5,1.3573241,1.616694413666018,25
-4.5,222.5,1.3411576,1.616694413666018,25
-4.5,223.5,1.3247849,1.616694413666018,25
-4.5,224.5,1.3082575,1.616694413666018,25
-4.5,225.5,1.2919241,1.616694413666018,25
-4.5,226.5,1.2756584,1.616694413666018,25
-4.5,227.5,1.2595549,1.616694413666018,25
-4.5,228.5,1.2441276,1.616694413666018,25
-4.5,229.5,1.2284178,1.616694413666018,25
-4.5,230.5,1.2093717,1.616694413666018,25
-4.5,231.5,1.191374,1.616694413666018,25
-4.5,232.5,1.1742092,1.616694413666018,25
-4.5,233.5,1.1586643,1.616694413666018,25
-4.5,234.5,1.1450663,1.616694413666018,25
-4.5,235.5,1.1326156,1.616694413666018,25
-4.5,236.5,1.1206585,1.616694413666018,25
-4.5,237.5,1.1097898,1.616694413666018,25
-4.5,238.5,1.1006134,1.616694413666018,25
-4.5,239.5,1.0890619,1.616694413666018,25
-4.5,240.5,1.0809044,1.616694413666018,25
-4.5,241.5,1.0730158,1.616694413666018,25
-4.5,242.5,1.067836,1.616694413666018,25
-4.5,243.5,1.0647843,1.616694413666018,25
-4.5,244.5,1.0625882,1.616694413666018,25
-4.5,245.5,1.060259,1.616694413666018,25
-4.5,246.5,1.0569776,1.616694413666018,25
-4.5,247.5,1.0516554,1.616694413666018,25
-4.5,248.5,1.0475221,1.616694413666018,25
-4.5,249.5,1.0436795,1.616694413666018,25
-4.5,250.5,1.0401285,1.616694413666018,25
-4.5,251.5,1.0360614,1.616694413666018,25
-4.5,252.5,1.0325725,1.616694413666018,25
-4.5,253.5,1.0299745,1.616694413666018,25
-4.5,254.5,1.0281787,1.616694413666018,25
-4.5,255.5,1.027512,1.616694413666018,25
-4.5,256.5,1.0272871,1.616694413666018,25
-4.5,257.5,1.0259852,1.616694413666018,25
-4.5,258.5,1.022001,1.616694413666018,25
-4.5,259.5,1.017649,1.616694413666018,25
-4.5,260.5,1.012617,1.616694413666018,25
-4.5,261.5,1.0072188,1.616694413666018,25
-4.5,262.5,1.0022944,1.616694413666018,25
-4.5,263.5,0.99849474,1.616694413666018,25
-4.5,264.5,0.9959799,1.616694413666018,25
-4.5,265.5,0.99566954,1.616694413666018,25
-4.5,266.5,0.9974835,1.616694413666018,25
-4.5,267.5,1.0035067,1.616694413666018,25
-4.5,268.5,1.0093538,1.616694413666018,25
-4.5,269.5,1.0176662,1.616694413666018,25
-4.5,270.5,1.0295638,1.616694413666018,25
-4.5,271.5,1.0458173,1.616694413666018,25
-4.5,272.5,1.0650375,1.616694413666018,25
-4.5,273.5,1.0823736,1.616694413666018,25
-4.5,274.5,1.0921292,1.616694413666018,25
-4.5,275.5,1.0985026,1.616694413666018,25
-4.5,276.5,1.1074946,1.616694413666018,25
-4.5,277.5,1.1216226,1.616694413666018,25
-4.5,278.5,,1.616694413666018,25
-4.5,279.5,,1.616694413666018,25
-4.5,280.5,,1.616694413666018,25
-4.5,281.5,,1.616694413666018,25
-4.5,282.5,,1.616694413666018,25
-4.5,283.5,,1.616694413666018,25
-4.5,284.5,,1.616694413666018,25
-4.5,285.5,,1.616694413666018,25
-4.5,286.5,,1.616694413666018,25
-4.5,287.5,,1.616694413666018,25
-4.5,288.5,,1.616694413666018,25
-4.5,289.5,,1.616694413666018,25
-3.5,120.5,,1.616694413666018,25
-3.5,121.5,,1.616694413666018,25
-3.5,122.5,-0.22816105,1.616694413666018,25
-3.5,123.5,-0.22163682,1.616694413666018,25
-3.5,124.5,-0.20524605,1.616694413666018,25
-3.5,125.5,-0.18710236,1.616694413666018,25
-3.5,126.5,-0.18181653,1.616694413666018,25
-3.5,127.5,-0.22515778,1.616694413666018,25
-3.5,128.5,-0.2648015,1.616694413666018,25
-3.5,129.5,-0.2706066,1.616694413666018,25
-3.5,130.5,-0.25664648,1.616694413666018,25
-3.5,131.5,-0.25075853,1.616694413666018,25
-3.5,132.5,-0.2816965,1.616694413666018,25
-3.5,133.5,,1.616694413666018,25
-3.5,134.5,,1.616694413666018,25
-3.5,135.5,,1.616694413666018,25
-3.5,136.5,,1.616694413666018,25
-3.5,137.5,,1.616694413666018,25
-3.5,138.5,,1.616694413666018,25
-3.5,139.5,,1.616694413666018,25
-3.5,140.5,,1.616694413666018,25
-3.5,141.5,,1.616694413666018,25
-3.5,142.5,,1.616694413666018,25
-3.5,143.5,-0.25098774,1.616694413666018,25
-3.5,144.5,-0.2546683,1.616694413666018,25
-3.5,145.5,-0.24730976,1.616694413666018,25
-3.5,146.5,-0.22049701,1.616694413666018,25
-3.5,147.5,-0.18928644,1.616694413666018,25
-3.5,148.5,-0.1665033,1.616694413666018,25
-3.5,149.5,-0.15566884,1.616694413666018,25
-3.5,150.5,-0.15633413,1.616694413666018,25
-3.5,151.5,-0.15161441,1.616694413666018,25
-3.5,152.5,-0.15272436,1.616694413666018,25
-3.5,153.5,-0.0955098,1.616694413666018,25
-3.5,154.5,-0.0135344025,1.616694413666018,25
-3.5,155.5,0.03805144,1.616694413666018,25
-3.5,156.5,0.08395323,1.616694413666018,25
-3.5,157.5,0.1316268,1.616694413666018,25
-3.5,158.5,0.18710904,1.616694413666018,25
-3.5,159.5,0.23790035,1.616694413666018,25
-3.5,160.5,0.29112625,1.616694413666018,25
-3.5,161.5,0.3462366,1.616694413666018,25
-3.5,162.5,0.40264183,1.616694413666018,25
-3.5,163.5,0.46125388,1.616694413666018,25
-3.5,164.5,0.52152437,1.616694413666018,25
-3.5,165.5,0.5800706,1.616694413666018,25
-3.5,166.5,0.6374567,1.616694413666018,25
-3.5,167.5,0.7002691,1.616694413666018,25
-3.5,168.5,0.75392973,1.616694413666018,25
-3.5,169.5,0.80504715,1.616694413666018,25
-3.5,170.5,0.85602325,1.616694413666018,25
-3.5,171.5,0.9065279,1.616694413666018,25
-3.5,172.5,0.9562375,1.616694413666018,25
-3.5,173.5,1.0049058,1.616694413666018,25
-3.5,174.5,1.0518622,1.616694413666018,25
-3.5,175.5,1.0970143,1.616694413666018,25
-3.5,176.5,1.1463867,1.616694413666018,25
-3.5,177.5,1.1877909,1.616694413666018,25
-3.5,178.5,1.2263513,1.616694413666018,25
-3.5,179.5,1.2619966,1.616694413666018,25
-3.5,180.5,1.295224,1.616694413666018,25
-3.5,181.5,1.3261619,1.616694413666018,25
-3.5,182.5,1.3547678,1.616694413666018,25
-3.5,183.5,1.3814372,1.616694413666018,25
-3.5,184.5,1.4075717,1.616694413666018,25
-3.5,185.5,1.4353372,1.616694413666018,25
-3.5,186.5,1.4581671,1.616694413666018,25
-3.5,187.5,1.4803212,1.616694413666018,25
-3.5,188.5,1.5020441,1.616694413666018,25
-3.5,189.5,1.5235162,1.616694413666018,25
-3.5,190.5,1.5444852,1.616694413666018,25
-3.5,191.5,1.5638127,1.616694413666018,25
-3.5,192.5,1.5798879,1.616694413666018,25
-3.5,193.5,1.5925434,1.616694413666018,25
-3.5,194.5,1.6037761,1.616694413666018,25
-3.5,195.5,1.6125675,1.616694413666018,25
-3.5,196.5,1.6209873,1.616694413666018,25
-3.5,197.5,1.6294374,1.616694413666018,25
-3.5,198.5,1.6376703,1.616694413666018,25
-3.5,199.5,1.6451889,1.616694413666018,25
-3.5,200.5,1.6519094,1.616694413666018,25
-3.5,201.5,1.6582808,1.616694413666018,25
-3.5,202.5,1.6641226,1.616694413666018,25
-3.5,203.5,1.6688269,1.616694413666018,25
-3.5,204.5,1.6724875,1.616694413666018,25
-3.5,205.5,1.6752942,1.616694413666018,25
-3.5,206.5,1.6765838,1.616694413666018,25
-3.5,207.5,1.675536,1.616694413666018,25
-3.5,208.5,1.672402,1.616694413666018,25
-3.5,209.5,1.6682777,1.616694413666018,25
-3.5,210.5,1.6640936,1.616694413666018,25
-3.5,211.5,1.659325,1.616694413666018,25
-3.5,212.5,1.6531597,1.616694413666018,25
-3.5,213.5,1.647601,1.616694413666018,25
-3.5,214.5,1.6423453,1.616694413666018,25
-3.5,215.5,1.6351326,1.616694413666018,25
-3.5,216.5,1.6250801,1.616694413666018,25
-3.5,217.5,1.6127477,1.616694413666018,25
-3.5,218.5,1.5995889,1.616694413666018,25
-3.5,219.5,1.5869932,1.616694413666018,25
-3.5,220.5,1.5753322,1.616694413666018,25
-3.5,221.5,1.561095,1.616694413666018,25
-3.5,222.5,1.5474572,1.616694413666018,25
-3.5,223.5,1.5317682,1.616694413666018,25
-3.5,224.5,1.5144603,1.616694413666018,25
-3.5,225.5,1.4954611,1.616694413666018,25
-3.5,226.5,1.4751506,1.616694413666018,25
-3.5,227.5,1.4541767,1.616694413666018,25
-3.5,228.5,1.4335437,1.616694413666018,25
-3.5,229.5,1.4163541,1.616694413666018,25
-3.5,230.5,1.3978305,1.616694413666018,25
-3.5,231.5,1.3782976,1.616694413666018,25
-3.5,232.5,1.3586593,1.616694413666018,25
-3.5,233.5,1.3400074,1.616694413666018,25
-3.5,234.5,1.3226186,1.616694413666018,25
-3.5,235.5,1.306634,1.616694413666018,25
-3.5,236.5,1.2920569,1.616694413666018,25
-3.5,237.5,1.2789594,1.616694413666018,25
-3.5,238.5,1.2689928,1.616694413666018,25
-3.5,239.5,1.2533956,1.616694413666018,25
-3.5,240.5,1.2423255,1.616694413666018,25
-3.5,241.5,1.2293602,1.616694413666018,25
-3.5,242.5,1.2191901,1.616694413666018,25
-3.5,243.5,1.2116938,1.616694413666018,25
-3.5,244.5,1.2057451,1.616694413666018,25
-3.5,245.5,1.2011284,1.616694413666018,25
-3.5,246.5,1.1975317,1.616694413666018,25
-3.5,247.5,1.1896249,1.616694413666018,25
-3.5,248.5,1.1853528,1.616694413666018,25
-3.5,249.5,1.1799955,1.616694413666018,25
-3.5,250.5,1.1770803,1.616694413666018,25
-3.5,251.5,1.1739584,1.616694413666018,25
-3.5,252.5,1.1714474,1.616694413666018,25
-3.5,253.5,1.1691726,1.616694413666018,25
-3.5,254.5,1.1664165,1.616694413666018,25
-3.5,255.5,1.163801,1.616694413666018,25
-3.5,256.5,1.1610897,1.616694413666018,25
-3.5,257.5,1.1575869,1.616694413666018,25
-3.5,258.5,1.1539831,1.616694413666018,25
-3.5,259.5,1.1479344,1.616694413666018,25
-3.5,260.5,1.142304,1.616694413666018,25
-3.5,261.5,1.1375759,1.616694413666018,25
-3.5,262.5,1.1338995,1.616694413666018,25
-3.5,263.5,1.1307878,1.616694413666018,25
-3.5,264.5,1.1276009,1.616694413666018,25
-3.5,265.5,1.1282452,1.616694413666018,25
-3.5,266.5,1.1308491,1.616694413666018,25
-3.5,267.5,1.1403856,1.616694413666018,25
-3.5,268.5,1.1422908,1.616694413666018,25
-3.5,269.5,1.1459165,1.616694413666018,25
-3.5,270.5,1.1478418,1.616694413666018,25
-3.5,271.5,1.1493089,1.616694413666018,25
-3.5,272.5,1.1545867,1.616694413666018,25
-3.5,273.5,1.1615633,1.616694413666018,25
-3.5,274.5,1.1558179,1.616694413666018,25
-3.5,275.5,1.1431868,1.616694413666018,25
-3.5,276.5,1.1383401,1.616694413666018,25
-3.5,277.5,1.1578093,1.616694413666018,25
-3.5,278.5,1.1999718,1.616694413666018,25
-3.5,279.5,1.2309979,1.616694413666018,25
-3.5,280.5,,1.616694413666018,25
-3.5,281.5,,1.616694413666018,25
-3.5,282.5,,1.616694413666018,25
-3.5,283.5,,1.616694413666018,25
-3.5,284.5,,1.616694413666018,25
-3.5,285.5,,1.616694413666018,25
-3.5,286.5,,1.616694413666018,25
-3.5,287.5,,1.616694413666018,25
-3.5,288.5,,1.616694413666018,25
-3.5,289.5,,1.616694413666018,25
-2.5,120.5,,1.616694413666018,25
-2.5,121.5,,1.616694413666018,25
-2.5,122.5,-0.2871496,1.616694413666018,25
-2.5,123.5,-0.27644527,1.616694413666018,25
-2.5,124.5,-0.26158038,1.616694413666018,25
-2.5,125.5,-0.2412098,1.616694413666018,25
-2.5,126.5,-0.21102034,1.616694413666018,25
-2.5,127.5,-0.17860086,1.616694413666018,25
-2.5,128.5,-0.15784374,1.616694413666018,25
-2.5,129.5,-0.16112302,1.616694413666018,25
-2.5,130.5,-0.1788984,1.616694413666018,25
-2.5,131.5,-0.20030399,1.616694413666018,25
-2.5,132.5,-0.37042943,1.616694413666018,25
-2.5,133.5,,1.616694413666018,25
-2.5,134.5,,1.616694413666018,25
-2.5,135.5,-0.094783284,1.616694413666018,25
-2.5,136.5,,1.616694413666018,25
-2.5,137.5,,1.616694413666018,25
-2.5,138.5,,1.616694413666018,25
-2.5,139.5,,1.616694413666018,25
-2.5,140.5,,1.616694413666018,25
-2.5,141.5,-0.23835361,1.616694413666018,25
-2.5,142.5,-0.23677838,1.616694413666018,25
-2.5,143.5,-0.2285194,1.616694413666018,25
-2.5,144.5,-0.21115476,1.616694413666018,25
-2.5,145.5,-0.18263301,1.616694413666018,25
-2.5,146.5,-0.14665486,1.616694413666018,25
-2.5,147.5,-0.113291286,1.616694413666018,25
-2.5,148.5,-0.08662725,1.616694413666018,25
-2.5,149.5,-0.06144605,1.616694413666018,25
-2.5,150.5,-0.038559925,1.616694413666018,25
-2.5,151.5,-0.008624983,1.616694413666018,25
-2.5,152.5,0.028877793,1.616694413666018,25
-2.5,153.5,0.08397587,1.616694413666018,25
-2.5,154.5,0.14312227,1.616694413666018,25
-2.5,155.5,0.19225462,1.616694413666018,25
-2.5,156.5,0.23996621,1.616694413666018,25
-2.5,157.5,0.28503352,1.616694413666018,25
-2.5,158.5,0.34342805,1.616694413666018,25
-2.5,159.5,0.39477757,1.616694413666018,25
-2.5,160.5,0.44948646,1.616694413666018,25
-2.5,161.5,0.5059176,1.616694413666018,25
-2.5,162.5,0.56381047,1.616694413666018,25
-2.5,163.5,0.6232668,1.616694413666018,25
-2.5,164.5,0.6836647,1.616694413666018,25
-2.5,165.5,0.74360365,1.616694413666018,25
-2.5,166.5,0.80268264,1.616694413666018,25
-2.5,167.5,0.8699424,1.616694413666018,25
-2.5,168.5,0.9280253,1.616694413666018,25
-2.5,169.5,0.982666,1.616694413666018,25
-2.5,170.5,1.0360777,1.616694413666018,25
-2.5,171.5,1.087423,1.616694413666018,25
-2.5,172.5,1.1363689,1.616694413666018,25
-2.5,173.5,1.1833298,1.616694413666018,25
-2.5,174.5,1.22857,1.616694413666018,25
-2.5,175.5,1.2723352,1.616694413666018,25
-2.5,176.5,1.319349,1.616694413666018,25
-2.5,177.5,1.3586607,1.616694413666018,25
-2.5,178.5,1.396363,1.616694413666018,25
-2.5,179.5,1.4314891,1.616694413666018,25
-2.5,180.5,1.4645615,1.616694413666018,25
-2.5,181.5,1.4954807,1.616694413666018,25
-2.5,182.5,1.5238273,1.616694413666018,25
-2.5,183.5,1.5497241,1.616694413666018,25
-2.5,184.5,1.5736116,1.616694413666018,25
-2.5,185.5,1.597908,1.616694413666018,25
-2.5,186.5,1.6181641,1.616694413666018,25
-2.5,187.5,1.6379732,1.616694413666018,25
-2.5,188.5,1.6579604,1.616694413666018,25
-2.5,189.5,1.6786472,1.616694413666018,25
-2.5,190.5,1.6994098,1.616694413666018,25
-2.5,191.5,1.7186545,1.616694413666018,25
-2.5,192.5,1.7346272,1.616694413666018,25
-2.5,193.5,1.7459879,1.616694413666018,25
-2.5,194.5,1.7554137,1.616694413666018,25
-2.5,195.5,1.7621616,1.616694413666018,25
-2.5,196.5,1.7687936,1.616694413666018,25
-2.5,197.5,1.7753087,1.616694413666018,25
-2.5,198.5,1.7814771,1.616694413666018,25
-2.5,199.5,1.7871048,1.616694413666018,25
-2.5,200.5,1.7921175,1.616694413666018,25
-2.5,201.5,1.7965971,1.616694413666018,25
-2.5,202.5,1.8007373,1.616694413666018,25
-2.5,203.5,1.8040844,1.616694413666018,25
-2.5,204.5,1.8067249,1.616694413666018,25
-2.5,205.5,1.809845,1.616694413666018,25
-2.5,206.5,1.812923,1.616694413666018,25
-2.5,207.5,1.8153495,1.616694413666018,25
-2.5,208.5,1.8164506,1.616694413666018,25
-2.5,209.5,1.8160985,1.616694413666018,25
-2.5,210.5,1.8146673,1.616694413666018,25
-2.5,211.5,1.8110492,1.616694413666018,25
-2.5,212.5,1.804609,1.616694413666018,25
-2.5,213.5,1.7985715,1.616694413666018,25
-2.5,214.5,1.7924776,1.616694413666018,25
-2.5,215.5,1.7854289,1.616694413666018,25
-2.5,216.5,1.776611,1.616694413666018,25
-2.5,217.5,1.7663095,1.616694413666018,25
-2.5,218.5,1.7554727,1.616694413666018,25
-2.5,219.5,1.7449259,1.616694413666018,25
-2.5,220.5,1.7353389,1.616694413666018,25
-2.5,221.5,1.7228508,1.616694413666018,25
-2.5,222.5,1.7104698,1.616694413666018,25
-2.5,223.5,1.6964552,1.616694413666018,25
-2.5,224.5,1.6795636,1.616694413666018,25
-2.5,225.5,1.6596168,1.616694413666018,25
-2.5,226.5,1.6386237,1.616694413666018,25
-2.5,227.5,1.6178963,1.616694413666018,25
-2.5,228.5,1.5971489,1.616694413666018,25
-2.5,229.5,1.5811154,1.616694413666018,25
-2.5,230.5,1.5661032,1.616694413666018,25
-2.5,231.5,1.5506654,1.616694413666018,25
-2.5,232.5,1.5331013,1.616694413666018,25
-2.5,233.5,1.5153818,1.616694413666018,25
-2.5,234.5,1.4971459,1.616694413666018,25
-2.5,235.5,1.4804932,1.616694413666018,25
-2.5,236.5,1.4658928,1.616694413666018,25
-2.5,237.5,1.4504966,1.616694413666018,25
-2.5,238.5,1.4398131,1.616694413666018,25
-2.5,239.5,1.421819,1.616694413666018,25
-2.5,240.5,1.4117769,1.616694413666018,25
-2.5,241.5,1.3957084,1.616694413666018,25
-2.5,242.5,1.3818299,1.616694413666018,25
-2.5,243.5,1.370902,1.616694413666018,25
-2.5,244.5,1.3611145,1.616694413666018,25
-2.5,245.5,1.3534961,1.616694413666018,25
-2.5,246.5,1.3504688,1.616694413666018,25
-2.5,247.5,1.3402934,1.616694413666018,25
-2.5,248.5,1.3380464,1.616694413666018,25
-2.5,249.5,1.3273295,1.616694413666018,25
-2.5,250.5,1.3259465,1.616694413666018,25
-2.5,251.5,1.3224643,1.616694413666018,25
-2.5,252.5,1.3209906,1.616694413666018,25
-2.5,253.5,1.3191097,1.616694413666018,25
-2.5,254.5,1.3134825,1.616694413666018,25
-2.5,255.5,1.3083453,1.616694413666018,25
-2.5,256.5,1.3021328,1.616694413666018,25
-2.5,257.5,1.2941072,1.616694413666018,25
-2.5,258.5,1.2892002,1.616694413666018,25
-2.5,259.5,1.2828006,1.616694413666018,25
-2.5,260.5,1.2783943,1.616694413666018,25
-2.5,261.5,1.2738478,1.616694413666018,25
-2.5,262.5,1.2713529,1.616694413666018,25
-2.5,263.5,1.2695738,1.616694413666018,25
-2.5,264.5,1.262387,1.616694413666018,25
-2.5,265.5,1.2683728,1.616694413666018,25
-2.5,266.5,1.2629576,1.616694413666018,25
-2.5,267.5,1.2704642,1.616694413666018,25
-2.5,268.5,1.2709795,1.616694413666018,25
-2.5,269.5,1.2806249,1.616694413666018,25
-2.5,270.5,1.2791921,1.616694413666018,25
-2.5,271.5,1.2679586,1.616694413666018,25
-2.5,272.5,1.2600229,1.616694413666018,25
-2.5,273.5,1.2528756,1.616694413666018,25
-2.5,274.5,1.233165,1.616694413666018,25
-2.5,275.5,1.206356,1.616694413666018,25
-2.5,276.5,1.179192,1.616694413666018,25
-2.5,277.5,1.1780897,1.616694413666018,25
-2.5,278.5,1.2022016,1.616694413666018,25
-2.5,279.5,1.231453,1.616694413666018,25
-2.5,280.5,,1.616694413666018,25
-2.5,281.5,,1.616694413666018,25
-2.5,282.5,,1.616694413666018,25
-2.5,283.5,,1.616694413666018,25
-2.5,284.5,,1.616694413666018,25
-2.5,285.5,,1.616694413666018,25
-2.5,286.5,,1.616694413666018,25
-2.5,287.5,,1.616694413666018,25
-2.5,288.5,,1.616694413666018,25
-2.5,289.5,,1.616694413666018,25
-1.5,120.5,,1.616694413666018,25
-1.5,121.5,,1.616694413666018,25
-1.5,122.5,-0.30409476,1.616694413666018,25
-1.5,123.5,-0.27440104,1.616694413666018,25
-1.5,124.5,-0.2733308,1.616694413666018,25
-1.5,125.5,-0.26619983,1.616694413666018,25
-1.5,126.5,-0.2390313,1.616694413666018,25
-1.5,127.5,-0.19120556,1.616694413666018,25
-1.5,128.5,-0.15366495,1.616694413666018,25
-1.5,129.5,-0.17024373,1.616694413666018,25
-1.5,130.5,-0.18943574,1.616694413666018,25
-1.5,131.5,,1.616694413666018,25
-1.5,132.5,,1.616694413666018,25
-1.5,133.5,,1.616694413666018,25
-1.5,134.5,-0.1110581,1.616694413666018,25
-1.5,135.5,-0.11825361,1.616694413666018,25
-1.5,136.5,-0.13602921,1.616694413666018,25
-1.5,137.5,-0.1565376,1.616694413666018,25
-1.5,138.5,-0.17705074,1.616694413666018,25
-1.5,139.5,-0.20298773,1.616694413666018,25
-1.5,140.5,-0.20718616,1.616694413666018,25
-1.5,141.5,-0.2050746,1.616694413666018,25
-1.5,142.5,-0.19463749,1.616694413666018,25
-1.5,143.5,-0.17661053,1.616694413666018,25
-1.5,144.5,-0.14811192,1.616694413666018,25
-1.5,145.5,-0.112686485,1.616694413666018,25
-1.5,146.5,-0.07566473,1.616694413666018,25
-1.5,147.5,-0.037735406,1.616694413666018,25
-1.5,148.5,0.00016266824,1.616694413666018,25
-1.5,149.5,0.042526398,1.616694413666018,25
-1.5,150.5,0.07870282,1.616694413666018,25
-1.5,151.5,0.11738088,1.616694413666018,25
-1.5,152.5,0.16070394,1.616694413666018,25
-1.5,153.5,0.20773502,1.616694413666018,25
-1.5,154.5,0.25625187,1.616694413666018,25
-1.5,155.5,0.3047669,1.616694413666018,25
-1.5,156.5,0.3531298,1.616694413666018,25
-1.5,157.5,0.4002415,1.616694413666018,25
-1.5,158.5,0.45697227,1.616694413666018,25
-1.5,159.5,0.5088413,1.616694413666018,25
-1.5,160.5,0.5632123,1.616694413666018,25
-1.5,161.5,0.62005484,1.616694413666018,25
-1.5,162.5,0.67850494,1.616694413666018,25
-1.5,163.5,0.7380647,1.616694413666018,25
-1.5,164.5,0.79882675,1.616694413666018,25
-1.5,165.5,0.8607528,1.616694413666018,25
-1.5,166.5,0.9219223,1.616694413666018,25
-1.5,167.5,0.99109954,1.616694413666018,25
-1.5,168.5,1.0499154,1.616694413666018,25
-1.5,169.5,1.1051368,1.616694413666018,25
-1.5,170.5,1.1583185,1.616694413666018,25
-1.5,171.5,1.2091494,1.616694413666018,25
-1.5,172.5,1.2578647,1.616694413666018,25
-1.5,173.5,1.3051492,1.616694413666018,25
-1.5,174.5,1.3511456,1.616694413666018,25
-1.5,175.5,1.3951918,1.616694413666018,25
-1.5,176.5,1.4428461,1.616694413666018,25
-1.5,177.5,1.4810646,1.616694413666018,25
-1.5,178.5,1.5168272,1.616694413666018,25
-1.5,179.5,1.5504805,1.616694413666018,25
-1.5,180.5,1.5838956,1.616694413666018,25
-1.5,181.5,1.6165768,1.616694413666018,25
-1.5,182.5,1.6465801,1.616694413666018,25
-1.5,183.5,1.6729879,1.616694413666018,25
-1.5,184.5,1.6967521,1.616694413666018,25
-1.5,185.5,1.7206709,1.616694413666018,25
-1.5,186.5,1.7398602,1.616694413666018,25
-1.5,187.5,1.7584671,1.616694413666018,25
-1.5,188.5,1.7773068,1.616694413666018,25
-1.5,189.5,1.7966465,1.616694413666018,25
-1.5,190.5,1.816599,1.616694413666018,25
-1.5,191.5,1.8361064,1.616694413666018,25
-1.5,192.5,1.8525414,1.616694413666018,25
-1.5,193.5,1.8641919,1.616694413666018,25
-1.5,194.5,1.8721753,1.616694413666018,25
-1.5,195.5,1.8774276,1.616694413666018,25
-1.5,196.5,1.882629,1.616694413666018,25
-1.5,197.5,1.8876617,1.616694413666018,25
-1.5,198.5,1.8926513,1.616694413666018,25
-1.5,199.5,1.8973752,1.616694413666018,25
-1.5,200.5,1.901287,1.616694413666018,25
-1.5,201.5,1.9040531,1.616694413666018,25
-1.5,202.5,1.9066015,1.616694413666018,25
-1.5,203.5,1.910385,1.616694413666018,25
-1.5,204.5,1.9135809,1.616694413666018,25
-1.5,205.5,1.9156445,1.616694413666018,25
-1.5,206.5,1.9162369,1.616694413666018,25
-1.5,207.5,1.9165955,1.616694413666018,25
-1.5,208.5,1.9168934,1.616694413666018,25
-1.5,209.5,1.9169638,1.616694413666018,25
-1.5,210.5,1.9168234,1.616694413666018,25
-1.5,211.5,1.9134457,1.616694413666018,25
-1.5,212.5,1.9050461,1.616694413666018,25
-1.5,213.5,1.8967934,1.616694413666018,25
-1.5,214.5,1.8888565,1.616694413666018,25
-1.5,215.5,1.8813901,1.616694413666018,25
-1.5,216.5,1.8737423,1.616694413666018,25
-1.5,217.5,1.8649937,1.616694413666018,25
-1.5,218.5,1.8546863,1.616694413666018,25
-1.5,219.5,1.8433055,1.616694413666018,25
-1.5,220.5,1.8319544,1.616694413666018,25
-1.5,221.5,1.8182334,1.616694413666018,25
-1.5,222.5,1.8064575,1.616694413666018,25
-1.5,223.5,1.7943661,1.616694413666018,25
-1.5,224.5,1.7795941,1.616694413666018,25
-1.5,225.5,1.7631176,1.616694413666018,25
-1.5,226.5,1.7453694,1.616694413666018,25
-1.5,227.5,1.7262019,1.616694413666018,25
-1.5,228.5,1.7066308,1.616694413666018,25
-1.5,229.5,1.6900367,1.616694413666018,25
-1.5,230.5,1.676144,1.616694413666018,25
-1.5,231.5,1.6659464,1.616694413666018,25
-1.5,232.5,1.6511215,1.616694413666018,25
-1.5,233.5,1.6343875,1.616694413666018,25
-1.5,234.5,1.6169639,1.616694413666018,25
-1.5,235.5,1.6026955,1.616694413666018,25
-1.5,236.5,1.5919217,1.616694413666018,25
-1.5,237.5,1.5798491,1.616694413666018,25
-1.5,238.5,1.5742035,1.616694413666018,25
-1.5,239.5,1.5616434,1.616694413666018,25
-1.5,240.5,1.5553778,1.616694413666018,25
-1.5,241.5,1.5400451,1.616694413666018,25
-1.5,242.5,1.5258461,1.616694413666018,25
-1.5,243.5,1.5154624,1.616694413666018,25
-1.5,244.5,1.5051951,1.616694413666018,25
-1.5,245.5,1.4973712,1.616694413666018,25
-1.5,246.5,1.4993535,1.616694413666018,25
-1.5,247.5,1.4847625,1.616694413666018,25
-1.5,248.5,1.4951148,1.616694413666018,25
-1.5,249.5,1.47695,1.616694413666018,25
-1.5,250.5,1.4823612,1.616694413666018,25
-1.5,251.5,1.4760671,1.616694413666018,25
-1.5,252.5,1.4755762,1.616694413666018,25
-1.5,253.5,1.4738753,1.616694413666018,25
-1.5,254.5,1.4629344,1.616694413666018,25
-1.5,255.5,1.4612278,1.616694413666018,25
-1.5,256.5,1.4482925,1.616694413666018,25
-1.5,257.5,1.4353092,1.616694413666018,25
-1.5,258.5,1.4289825,1.616694413666018,25
-1.5,259.5,1.4204199,1.616694413666018,25
-1.5,260.5,1.4197501,1.616694413666018,25
-1.5,261.5,1.4117361,1.616694413666018,25
-1.5,262.5,1.4038217,1.616694413666018,25
-1.5,263.5,1.3977851,1.616694413666018,25
-1.5,264.5,1.3743689,1.616694413666018,25
-1.5,265.5,1.3807675,1.616694413666018,25
-1.5,266.5,1.3584279,1.616694413666018,25
-1.5,267.5,1.3601683,1.616694413666018,25
-1.5,268.5,1.3551381,1.616694413666018,25
-1.5,269.5,1.350769,1.616694413666018,25
-1.5,270.5,1.3361739,1.616694413666018,25
-1.5,271.5,1.3288484,1.616694413666018,25
-1.5,272.5,1.3273147,1.616694413666018,25
-1.5,273.5,1.314264,1.616694413666018,25
-1.5,274.5,1.2832359,1.616694413666018,25
-1.5,275.5,1.2481612,1.616694413666018,25
-1.5,276.5,1.2145987,1.616694413666018,25
-1.5,277.5,1.194189,1.616694413666018,25
-1.5,278.5,1.1967673,1.616694413666018,25
-1.5,279.5,,1.616694413666018,25
-1.5,280.5,,1.616694413666018,25
-1.5,281.5,,1.616694413666018,25
-1.5,282.5,,1.616694413666018,25
-1.5,283.5,,1.616694413666018,25
-1.5,284.5,,1.616694413666018,25
-1.5,285.5,,1.616694413666018,25
-1.5,286.5,,1.616694413666018,25
-1.5,287.5,,1.616694413666018,25
-1.5,288.5,,1.616694413666018,25
-1.5,289.5,,1.616694413666018,25
-0.5,120.5,-0.21971577,1.616694413666018,25
-0.5,121.5,-0.21662167,1.616694413666018,25
-0.5,122.5,-0.22666462,1.616694413666018,25
-0.5,123.5,-0.2502711,1.616694413666018,25
-0.5,124.5,-0.2652041,1.616694413666018,25
-0.5,125.5,-0.2650478,1.616694413666018,25
-0.5,126.5,-0.24237555,1.616694413666018,25
-0.5,127.5,-0.19363923,1.616694413666018,25
-0.5,128.5,-0.15568985,1.616694413666018,25
-0.5,129.5,-0.18719989,1.616694413666018,25
-0.5,130.5,-0.20347227,1.616694413666018,25
-0.5,131.5,-0.1652963,1.616694413666018,25
-0.5,132.5,-0.15795487,1.616694413666018,25
-0.5,133.5,-0.1607978,1.616694413666018,25
-0.5,134.5,-0.15939806,1.616694413666018,25
-0.5,135.5,-0.16110572,1.616694413666018,25
-0.5,136.5,-0.16548172,1.616694413666018,25
-0.5,137.5,-0.16971008,1.616694413666018,25
-0.5,138.5,-0.17618448,1.616694413666018,25
-0.5,139.5,-0.1856551,1.616694413666018,25
-0.5,140.5,-0.18728504,1.616694413666018,25
-0.5,141.5,-0.17791651,1.616694413666018,25
-0.5,142.5,-0.16132723,1.616694413666018,25
-0.5,143.5,-0.13872881,1.616694413666018,25
-0.5,144.5,-0.10793801,1.616694413666018,25
-0.5,145.5,-0.07162321,1.616694413666018,25
-0.5,146.5,-0.03291935,1.616694413666018,25
-0.5,147.5,0.009185571,1.616694413666018,25
-0.5,148.5,0.052553896,1.616694413666018,25
-0.5,149.5,0.099841766,1.616694413666018,25
-0.5,150.5,0.14019254,1.616694413666018,25
-0.5,151.5,0.18032269,1.616694413666018,25
-0.5,152.5,0.22060923,1.616694413666018,25
-0.5,153.5,0.26382247,1.616694413666018,25
-0.5,154.5,0.31162125,1.616694413666018,25
-0.5,155.5,0.36292556,1.616694413666018,25
-0.5,156.5,0.414561,1.616694413666018,25
-0.5,157.5,0.4646805,1.616694413666018,25
-0.5,158.5,0.5203512,1.616694413666018,25
-0.5,159.5,0.5722759,1.616694413666018,25
-0.5,160.5,0.6265139,1.616694413666018,25
-0.5,161.5,0.6825111,1.616694413666018,25
-0.5,162.5,0.73956954,1.616694413666018,25
-0.5,163.5,0.7973573,1.616694413666018,25
-0.5,164.5,0.8561459,1.616694413666018,25
-0.5,165.5,0.9162308,1.616694413666018,25
-0.5,166.5,0.9758914,1.616694413666018,25
-0.5,167.5,1.0426068,1.616694413666018,25
-0.5,168.5,1.0995615,1.616694413666018,25
-0.5,169.5,1.1530275,1.616694413666018,25
-0.5,170.5,1.2052965,1.616694413666018,25
-0.5,171.5,1.2553017,1.616694413666018,25
-0.5,172.5,1.3030323,1.616694413666018,25
-0.5,173.5,1.3497168,1.616694413666018,25
-0.5,174.5,1.3960011,1.616694413666018,25
-0.5,175.5,1.4401852,1.616694413666018,25
-0.5,176.5,1.4887451,1.616694413666018,25
-0.5,177.5,1.5274839,1.616694413666018,25
-0.5,178.5,1.5633197,1.616694413666018,25
-0.5,179.5,1.5976405,1.616694413666018,25
-0.5,180.5,1.6319996,1.616694413666018,25
-0.5,181.5,1.6667202,1.616694413666018,25
-0.5,182.5,1.7001916,1.616694413666018,25
-0.5,183.5,1.7300432,1.616694413666018,25
-0.5,184.5,1.7575797,1.616694413666018,25
-0.5,185.5,1.7843364,1.616694413666018,25
-0.5,186.5,1.8038026,1.616694413666018,25
-0.5,187.5,1.8209854,1.616694413666018,25
-0.5,188.5,1.8383807,1.616694413666018,25
-0.5,189.5,1.8567597,1.616694413666018,25
-0.5,190.5,1.8759472,1.616694413666018,25
-0.5,191.5,1.894567,1.616694413666018,25
-0.5,192.5,1.9104607,1.616694413666018,25
-0.5,193.5,1.9240268,1.616694413666018,25
-0.5,194.5,1.9351435,1.616694413666018,25
-0.5,195.5,1.9431894,1.616694413666018,25
-0.5,196.5,1.9495639,1.616694413666018,25
-0.5,197.5,1.9554459,1.616694413666018,25
-0.5,198.5,1.9607853,1.616694413666018,25
-0.5,199.5,1.9656793,1.616694413666018,25
-0.5,200.5,1.9699665,1.616694413666018,25
-0.5,201.5,1.9729178,1.616694413666018,25
-0.5,202.5,1.9751374,1.616694413666018,25
-0.5,203.5,1.9791526,1.616694413666018,25
-0.5,204.5,1.9820439,1.616694413666018,25
-0.5,205.5,1.9829993,1.616694413666018,25
-0.5,206.5,1.9801413,1.616694413666018,25
-0.5,207.5,1.9769177,1.616694413666018,25
-0.5,208.5,1.9734573,1.616694413666018,25
-0.5,209.5,1.9692645,1.616694413666018,25
-0.5,210.5,1.9662324,1.616694413666018,25
-0.5,211.5,1.9610857,1.616694413666018,25
-0.5,212.5,1.9521303,1.616694413666018,25
-0.5,213.5,1.9418395,1.616694413666018,25
-0.5,214.5,1.9318582,1.616694413666018,25
-0.5,215.5,1.9230887,1.616694413666018,25
-0.5,216.5,1.9149035,1.616694413666018,25
-0.5,217.5,1.9050363,1.616694413666018,25
-0.5,218.5,1.8928657,1.616694413666018,25
-0.5,219.5,1.8808341,1.616694413666018,25
-0.5,220.5,1.8685281,1.616694413666018,25
-0.5,221.5,1.854852,1.616694413666018,25
-0.5,222.5,1.8422748,1.616694413666018,25
-0.5,223.5,1.8284122,1.616694413666018,25
-0.5,224.5,1.814087,1.616694413666018,25
-0.5,225.5,1.8012711,1.616694413666018,25
-0.5,226.5,1.7881604,1.616694413666018,25
-0.5,227.5,1.7713314,1.616694413666018,25
-0.5,228.5,1.7513155,1.616694413666018,25
-0.5,229.5,1.7379746,1.616694413666018,25
-0.5,230.5,1.7216759,1.616694413666018,25
-0.5,231.5,1.7167975,1.616694413666018,25
-0.5,232.5,1.7042649,1.616694413666018,25
-0.5,233.5,1.6896694,1.616694413666018,25
-0.5,234.5,1.6715598,1.616694413666018,25
-0.5,235.5,1.6562569,1.616694413666018,25
-0.5,236.5,1.6481867,1.616694413666018,25
-0.5,237.5,1.641796,1.616694413666018,25
-0.5,238.5,1.6413006,1.616694413666018,25
-0.5,239.5,1.636418,1.616694413666018,25
-0.5,240.5,1.6281629,1.616694413666018,25
-0.5,241.5,1.6205226,1.616694413666018,25
-0.5,242.5,1.6096486,1.616694413666018,25
-0.5,243.5,1.6002804,1.616694413666018,25
-0.5,244.5,1.5908443,1.616694413666018,25
-0.5,245.5,1.5865142,1.616694413666018,25
-0.5,246.5,1.5983411,1.616694413666018,25
-0.5,247.5,1.5865531,1.616694413666018,25
-0.5,248.5,1.6104398,1.616694413666018,25
-0.5,249.5,1.5887275,1.616694413666018,25
-0.5,250.5,1.6026769,1.616694413666018,25
-0.5,251.5,1.5929669,1.616694413666018,25
-0.5,252.5,1.591282,1.616694413666018,25
-0.5,253.5,1.5874883,1.616694413666018,25
-0.5,254.5,1.5713617,1.616694413666018,25
-0.5,255.5,1.5769112,1.616694413666018,25
-0.5,256.5,1.5573522,1.616694413666018,25
-0.5,257.5,1.5446053,1.616694413666018,25
-0.5,258.5,1.5320286,1.616694413666018,25
-0.5,259.5,1.5211399,1.616694413666018,25
-0.5,260.5,1.5191597,1.616694413666018,25
-0.5,261.5,1.5002948,1.616694413666018,25
-0.5,262.5,1.4755958,1.616694413666018,25
-0.5,263.5,1.4530734,1.616694413666018,25
-0.5,264.5,1.4095263,1.616694413666018,25
-0.5,265.5,1.3955466,1.616694413666018,25
-0.5,266.5,1.3379859,1.616694413666018,25
-0.5,267.5,1.3016869,1.616694413666018,25
-0.5,268.5,1.2962569,1.616694413666018,25
-0.5,269.5,1.2874163,1.616694413666018,25
-0.5,270.5,1.3039601,1.616694413666018,25
-0.5,271.5,1.3148118,1.616694413666018,25
-0.5,272.5,1.3116155,1.616694413666018,25
-0.5,273.5,1.2921057,1.616694413666018,25
-0.5,274.5,1.263805,1.616694413666018,25
-0.5,275.5,1.2347456,1.616694413666018,25
-0.5,276.5,1.2081925,1.616694413666018,25
-0.5,277.5,1.180841,1.616694413666018,25
-0.5,278.5,1.1713479,1.616694413666018,25
-0.5,279.5,,1.616694413666018,25
-0.5,280.5,,1.616694413666018,25
-0.5,281.5,,1.616694413666018,25
-0.5,282.5,,1.616694413666018,25
-0.5,283.5,,1.616694413666018,25
-0.5,284.5,,1.616694413666018,25
-0.5,285.5,,1.616694413666018,25
-0.5,286.5,,1.616694413666018,25
-0.5,287.5,,1.616694413666018,25
-0.5,288.5,,1.616694413666018,25
-0.5,289.5,,1.616694413666018,25
0.5,120.5,-0.23042524,1.616694413666018,25
0.5,121.5,-0.22849451,1.616694413666018,25
0.5,122.5,-0.24366422,1.616694413666018,25
0.5,123.5,,1.616694413666018,25
0.5,124.5,-0.2968008,1.616694413666018,25
0.5,125.5,-0.29723436,1.616694413666018,25
0.5,126.5,-0.26781067,1.616694413666018,25
0.5,127.5,-0.2193496,1.616694413666018,25
0.5,128.5,-0.15597121,1.616694413666018,25
0.5,129.5,-0.16468105,1.616694413666018,25
0.5,130.5,-0.18164845,1.616694413666018,25
0.5,131.5,-0.17543057,1.616694413666018,25
0.5,132.5,-0.18352854,1.616694413666018,25
0.5,133.5,-0.19162601,1.616694413666018,25
0.5,134.5,-0.1990614,1.616694413666018,25
0.5,135.5,-0.20512794,1.616694413666018,25
0.5,136.5,-0.20887738,1.616694413666018,25
0.5,137.5,-0.21036613,1.616694413666018,25
0.5,138.5,-0.21107171,1.616694413666018,25
0.5,139.5,-0.21131997,1.616694413666018,25
0.5,140.5,-0.20484236,1.616694413666018,25
0.5,141.5,-0.19174547,1.616694413666018,25
0.5,142.5,-0.17330204,1.616694413666018,25
0.5,143.5,-0.14750804,1.616694413666018,25
0.5,144.5,-0.11392444,1.616694413666018,25
0.5,145.5,-0.07486848,1.616694413666018,25
0.5,146.5,-0.032816924,1.616694413666018,25
0.5,147.5,0.011198044,1.616694413666018,25
0.5,148.5,0.05314847,1.616694413666018,25
0.5,149.5,0.099199526,1.616694413666018,25
0.5,150.5,0.13857333,1.616694413666018,25
0.5,151.5,0.17679483,1.616694413666018,25
0.5,152.5,0.21498422,1.616694413666018,25
0.5,153.5,0.25629875,1.616694413666018,25
0.5,154.5,0.30284652,1.616694413666018,25
0.5,155.5,0.35391232,1.616694413666018,25
0.5,156.5,0.4062425,1.616694413666018,25
0.5,157.5,0.45737666,1.616694413666018,25
0.5,158.5,0.51407576,1.616694413666018,25
0.5,159.5,0.5660065,1.616694413666018,25
0.5,160.5,0.62006027,1.616694413666018,25
0.5,161.5,0.67518145,1.616694413666018,25
0.5,162.5,0.7304388,1.616694413666018,25
0.5,163.5,0.78543425,1.616694413666018,25
0.5,164.5,0.8406691,1.616694413666018,25
0.5,165.5,0.89705354,1.616694413666018,25
0.5,166.5,0.95356673,1.616694413666018,25
0.5,167.5,1.0159987,1.616694413666018,25
0.5,168.5,1.0707265,1.616694413666018,25
0.5,169.5,1.1224983,1.616694413666018,25
0.5,170.5,1.1728531,1.616694413666018,25
0.5,171.5,1.2218232,1.616694413666018,25
0.5,172.5,1.2694697,1.616694413666018,25
0.5,173.5,1.3163964,1.616694413666018,25
0.5,174.5,1.3630828,1.616694413666018,25
0.5,175.5,1.4079769,1.616694413666018,25
0.5,176.5,1.4565916,1.616694413666018,25
0.5,177.5,1.495206,1.616694413666018,25
0.5,178.5,1.5319052,1.616694413666018,25
0.5,179.5,1.5679865,1.616694413666018,25
0.5,180.5,1.6040615,1.616694413666018,25
0.5,181.5,1.6401703,1.616694413666018,25
0.5,182.5,1.6752234,1.616694413666018,25
0.5,183.5,1.7073805,1.616694413666018,25
0.5,184.5,1.7370324,1.616694413666018,25
0.5,185.5,1.7636865,1.616694413666018,25
0.5,186.5,1.7828162,1.616694413666018,25
0.5,187.5,1.7996254,1.616694413666018,25
0.5,188.5,1.8171314,1.616694413666018,25
0.5,189.5,1.8363762,1.616694413666018,25
0.5,190.5,1.8559359,1.616694413666018,25
0.5,191.5,1.8730905,1.616694413666018,25
0.5,192.5,1.8863484,1.616694413666018,25
0.5,193.5,1.898855,1.616694413666018,25
0.5,194.5,1.9114196,1.616694413666018,25
0.5,195.5,1.9217825,1.616694413666018,25
0.5,196.5,1.9288465,1.616694413666018,25
0.5,197.5,1.9347879,1.616694413666018,25
0.5,198.5,1.9395441,1.616694413666018,25
0.5,199.5,1.9442761,1.616694413666018,25
0.5,200.5,1.9489402,1.616694413666018,25
0.5,201.5,1.9510989,1.616694413666018,25
0.5,202.5,1.9530227,1.616694413666018,25
0.5,203.5,1.9556803,1.616694413666018,25
0.5,204.5,1.9570444,1.616694413666018,25
0.5,205.5,1.9571832,1.616694413666018,25
0.5,206.5,1.9526815,1.616694413666018,25
0.5,207.5,1.9466634,1.616694413666018,25
0.5,208.5,1.9396194,1.616694413666018,25
0.5,209.5,1.9314759,1.616694413666018,25
0.5,210.5,1.9246575,1.616694413666018,25
0.5,211.5,1.9179618,1.616694413666018,25
0.5,212.5,1.9091163,1.616694413666018,25
0.5,213.5,1.9005755,1.616694413666018,25
0.5,214.5,1.8905802,1.616694413666018,25
0.5,215.5,1.8804984,1.616694413666018,25
0.5,216.5,1.8688331,1.616694413666018,25
0.5,217.5,1.8545326,1.616694413666018,25
0.5,218.5,1.838866,1.616694413666018,25
0.5,219.5,1.8247548,1.616694413666018,25
0.5,220.5,1.8125616,1.616694413666018,25
0.5,221.5,1.8034558,1.616694413666018,25
0.5,222.5,1.790464,1.616694413666018,25
0.5,223.5,1.7723911,1.616694413666018,25
0.5,224.5,1.75357,1.616694413666018,25
0.5,225.5,1.7358512,1.616694413666018,25
0.5,226.5,1.7203512,1.616694413666018,25
0.5,227.5,1.705459,1.616694413666018,25
0.5,228.5,1.6893966,1.616694413666018,25
0.5,229.5,1.6856724,1.616694413666018,25
0.5,230.5,1.6790054,1.616694413666018,25
0.5,231.5,1.6768903,1.616694413666018,25
0.5,232.5,1.6669948,1.616694413666018,25
0.5,233.5,1.6538408,1.616694413666018,25
0.5,234.5,1.6346297,1.616694413666018,25
0.5,235.5,1.6171108,1.616694413666018,25
0.5,236.5,1.6099881,1.616694413666018,25
0.5,237.5,1.610474,1.616694413666018,25
0.5,238.5,1.6138309,1.616694413666018,25
0.5,239.5,1.6090708,1.616694413666018,25
0.5,240.5,1.5975665,1.616694413666018,25
0.5,241.5,1.5955815,1.616694413666018,25
0.5,242.5,1.5865213,1.616694413666018,25
0.5,243.5,1.5767108,1.616694413666018,25
0.5,244.5,1.569411,1.616694413666018,25
0.5,245.5,1.5676342,1.616694413666018,25
0.5,246.5,1.5755615,1.616694413666018,25
0.5,247.5,1.5683391,1.616694413666018,25
0.5,248.5,1.5906019,1.616694413666018,25
0.5,249.5,1.5766333,1.616694413666018,25
0.5,250.5,1.5861441,1.616694413666018,25
0.5,251.5,1.5786008,1.616694413666018,25
0.5,252.5,1.5713218,1.616694413666018,25
0.5,253.5,1.5607814,1.616694413666018,25
0.5,254.5,1.5450925,1.616694413666018,25
0.5,255.5,1.5455226,1.616694413666018,25
0.5,256.5,1.5248883,1.616694413666018,25
0.5,257.5,1.5100247,1.616694413666018,25
0.5,258.5,1.494183,1.616694413666018,25
0.5,259.5,1.4831423,1.616694413666018,25
0.5,260.5,1.4675747,1.616694413666018,25
0.5,261.5,1.44078,1.616694413666018,25
0.5,262.5,1.4058442,1.616694413666018,25
0.5,263.5,1.3675108,1.616694413666018,25
0.5,264.5,1.3261434,1.616694413666018,25
0.5,265.5,1.2913582,1.616694413666018,25
0.5,266.5,1.2223128,1.616694413666018,25
0.5,267.5,1.1715348,1.616694413666018,25
0.5,268.5,1.1687624,1.616694413666018,25
0.5,269.5,1.1993344,1.616694413666018,25
0.5,270.5,1.2350175,1.616694413666018,25
0.5,271.5,1.2487909,1.616694413666018,25
0.5,272.5,1.2332388,1.616694413666018,25
0.5,273.5,1.205663,1.616694413666018,25
0.5,274.5,1.1830764,1.616694413666018,25
0.5,275.5,1.1569939,1.616694413666018,25
0.5,276.5,1.1351159,1.616694413666018,25
0.5,277.5,1.1140767,1.616694413666018,25
0.5,278.5,1.1055783,1.616694413666018,25
0.5,279.5,1.0967692,1.616694413666018,25
0.5,280.5,,1.616694413666018,25
0.5,281.5,,1.616694413666018,25
0.5,282.5,,1.616694413666018,25
0.5,283.5,,1.616694413666018,25
0.5,284.5,,1.616694413666018,25
0.5,285.5,,1.616694413666018,25
0.5,286.5,,1.616694413666018,25
0.5,287.5,,1.616694413666018,25
0.5,288.5,,1.616694413666018,25
0.5,289.5,,1.616694413666018,25
1.5,120.5,-0.22151206,1.616694413666018,25
1.5,121.5,-0.24116257,1.616694413666018,25
1.5,122.5,-0.27465898,1.616694413666018,25
1.5,123.5,-0.30886135,1.616694413666018,25
1.5,124.5,-0.35468283,1.616694413666018,25
1.5,125.5,-0.36312926,1.616694413666018,25
1.5,126.5,-0.33215058,1.616694413666018,25
1.5,127.5,-0.30934626,1.616694413666018,25
1.5,128.5,-0.26901793,1.616694413666018,25
1.5,129.5,-0.19629742,1.616694413666018,25
1.5,130.5,-0.19384097,1.616694413666018,25
1.5,131.5,-0.21670128,1.616694413666018,25
1.5,132.5,-0.23228972,1.616694413666018,25
1.5,133.5,-0.24251916,1.616694413666018,25
1.5,134.5,-0.249404,1.616694413666018,25
1.5,135.5,-0.25444627,1.616694413666018,25
1.5,136.5,-0.25899532,1.616694413666018,25
1.5,137.5,-0.2631189,1.616694413666018,25
1.5,138.5,-0.26500186,1.616694413666018,25
1.5,139.5,-0.26255587,1.616694413666018,25
1.5,140.5,-0.24991861,1.616694413666018,25
1.5,141.5,-0.23112932,1.616694413666018,25
1.5,142.5,-0.20689783,1.616694413666018,25
1.5,143.5,-0.17586415,1.616694413666018,25
1.5,144.5,-0.13949524,1.616694413666018,25
1.5,145.5,-0.10043165,1.616694413666018,25
1.5,146.5,-0.060399808,1.616694413666018,25
1.5,147.5,-0.019530183,1.616694413666018,25
1.5,148.5,0.020869512,1.616694413666018,25
1.5,149.5,0.065268554,1.616694413666018,25
1.5,150.5,0.10195869,1.616694413666018,25
1.5,151.5,0.1377139,1.616694413666018,25
1.5,152.5,0.17354469,1.616694413666018,25
1.5,153.5,0.21155165,1.616694413666018,25
1.5,154.5,0.25306433,1.616694413666018,25
1.5,155.5,0.2983606,1.616694413666018,25
1.5,156.5,0.3467001,1.616694413666018,25
1.5,157.5,0.39538062,1.616694413666018,25
1.5,158.5,0.4508666,1.616694413666018,25
1.5,159.5,0.49978125,1.616694413666018,25
1.5,160.5,0.55097556,1.616694413666018,25
1.5,161.5,0.6033829,1.616694413666018,25
1.5,162.5,0.65579623,1.616694413666018,25
1.5,163.5,0.70770967,1.616694413666018,25
1.5,164.5,0.7594035,1.616694413666018,25
1.5,165.5,0.81165665,1.616694413666018,25
1.5,166.5,0.8652323,1.616694413666018,25
1.5,167.5,0.9266338,1.616694413666018,25
1.5,168.5,0.9792908,1.616694413666018,25
1.5,169.5,1.0293678,1.616694413666018,25
1.5,170.5,1.07678,1.616694413666018,25
1.5,171.5,1.1226963,1.616694413666018,25
1.5,172.5,1.1684891,1.616694413666018,25
1.5,173.5,1.2147979,1.616694413666018,25
1.5,174.5,1.2608563,1.616694413666018,25
1.5,175.5,1.3045906,1.616694413666018,25
1.5,176.5,1.3523294,1.616694413666018,25
1.5,177.5,1.3918096,1.616694413666018,25
1.5,178.5,1.4288986,1.616694413666018,25
1.5,179.5,1.4662205,1.616694413666018,25
1.5,180.5,1.5042845,1.616694413666018,25
1.5,181.5,1.5412209,1.616694413666018,25
1.5,182.5,1.5749369,1.616694413666018,25
1.5,183.5,1.6052713,1.616694413666018,25
1.5,184.5,1.6339489,1.616694413666018,25
1.5,185.5,1.6619776,1.616694413666018,25
1.5,186.5,1.6821225,1.616694413666018,25
1.5,187.5,1.7007846,1.616694413666018,25
1.5,188.5,1.7198635,1.616694413666018,25
1.5,189.5,1.7399888,1.616694413666018,25
1.5,190.5,1.7591308,1.616694413666018,25
1.5,191.5,1.7745948,1.616694413666018,25
1.5,192.5,1.7856665,1.616694413666018,25
1.5,193.5,1.7940185,1.616694413666018,25
1.5,194.5,1.8021579,1.616694413666018,25
1.5,195.5,1.8093894,1.616694413666018,25
1.5,196.5,1.8146323,1.616694413666018,25
1.5,197.5,1.8194896,1.616694413666018,25
1.5,198.5,1.8251477,1.616694413666018,25
1.5,199.5,1.8315135,1.616694413666018,25
1.5,200.5,1.8373245,1.616694413666018,25
1.5,201.5,1.8411605,1.616694413666018,25
1.5,202.5,1.843552,1.616694413666018,25
1.5,203.5,1.8451,1.616694413666018,25
1.5,204.5,1.8464458,1.616694413666018,25
1.5,205.5,1.8456028,1.616694413666018,25
1.5,206.5,1.8406619,1.616694413666018,25
1.5,207.5,1.8334802,1.616694413666018,25
1.5,208.5,1.8249924,1.616694413666018,25
1.5,209.5,1.8151776,1.616694413666018,25
1.5,210.5,1.8045288,1.616694413666018,25
1.5,211.5,1.7942071,1.616694413666018,25
1.5,212.5,1.7822789,1.616694413666018,25
1.5,213.5,1.7747793,1.616694413666018,25
1.5,214.5,1.7672235,1.616694413666018,25
1.5,215.5,1.7588114,1.616694413666018,25
1.5,216.5,1.7480605,1.616694413666018,25
1.5,217.5,1.7343326,1.616694413666018,25
1.5,218.5,1.7189494,1.616694413666018,25
1.5,219.5,1.7048192,1.616694413666018,25
1.5,220.5,1.6934671,1.616694413666018,25
1.5,221.5,1.6832122,1.616694413666018,25
1.5,222.5,1.6674795,1.616694413666018,25
1.5,223.5,1.647514,1.616694413666018,25
1.5,224.5,1.624017,1.616694413666018,25
1.5,225.5,1.6017358,1.616694413666018,25
1.5,226.5,1.5824835,1.616694413666018,25
1.5,227.5,1.5666295,1.616694413666018,25
1.5,228.5,1.5567664,1.616694413666018,25
1.5,229.5,1.5570362,1.616694413666018,25
1.5,230.5,1.5582901,1.616694413666018,25
1.5,231.5,1.5568323,1.616694413666018,25
1.5,232.5,1.5457321,1.616694413666018,25
1.5,233.5,1.5277804,1.616694413666018,25
1.5,234.5,1.507971,1.616694413666018,25
1.5,235.5,1.4955084,1.616694413666018,25
1.5,236.5,1.4961724,1.616694413666018,25
1.5,237.5,1.5053592,1.616694413666018,25
1.5,238.5,1.512017,1.616694413666018,25
1.5,239.5,1.5079197,1.616694413666018,25
1.5,240.5,1.5004218,1.616694413666018,25
1.5,241.5,1.4944617,1.616694413666018,25
1.5,242.5,1.4790651,1.616694413666018,25
1.5,243.5,1.4645526,1.616694413666018,25
1.5,244.5,1.4551708,1.616694413666018,25
1.5,245.5,1.4495541,1.616694413666018,25
1.5,246.5,1.4481653,1.616694413666018,25
1.5,247.5,1.4470923,1.616694413666018,25
1.5,248.5,1.4541644,1.616694413666018,25
1.5,249.5,1.4441398,1.616694413666018,25
1.5,250.5,1.4412127,1.616694413666018,25
1.5,251.5,1.4350128,1.616694413666018,25
1.5,252.5,1.4242461,1.616694413666018,25
1.5,253.5,1.4114318,1.616694413666018,25
1.5,254.5,1.399861,1.616694413666018,25
1.5,255.5,1.39056,1.616694413666018,25
1.5,256.5,1.3769004,1.616694413666018,25
1.5,257.5,1.3610277,1.616694413666018,25
1.5,258.5,1.3522235,1.616694413666018,25
1.5,259.5,1.3457804,1.616694413666018,25
1.5,260.5,1.3323545,1.616694413666018,25
1.5,261.5,1.3095196,1.616694413666018,25
1.5,262.5,1.2797049,1.616694413666018,25
1.5,263.5,1.2483581,1.616694413666018,25
1.5,264.5,1.2197511,1.616694413666018,25
1.5,265.5,1.1879115,1.616694413666018,25
1.5,266.5,1.145172,1.616694413666018,25
1.5,267.5,1.1167151,1.616694413666018,25
1.5,268.5,1.1120106,1.616694413666018,25
1.5,269.5,1.1242756,1.616694413666018,25
1.5,270.5,1.1444652,1.616694413666018,25
1.5,271.5,1.1533368,1.616694413666018,25
1.5,272.5,1.1396931,1.616694413666018,25
1.5,273.5,1.1141733,1.616694413666018,25
1.5,274.5,1.0875132,1.616694413666018,25
1.5,275.5,1.060971,1.616694413666018,25
1.5,276.5,1.0403757,1.616694413666018,25
1.5,277.5,1.0301881,1.616694413666018,25
1.5,278.5,1.0201832,1.616694413666018,25
1.5,279.5,1.0051745,1.616694413666018,25
1.5,280.5,0.982829,1.616694413666018,25
1.5,281.5,,1.616694413666018,25
1.5,282.5,,1.616694413666018,25
1.5,283.5,,1.616694413666018,25
1.5,284.5,,1.616694413666018,25
1.5,285.5,,1.616694413666018,25
1.5,286.5,,1.616694413666018,25
1.5,287.5,,1.616694413666018,25
1.5,288.5,,1.616694413666018,25
1.5,289.5,,1.616694413666018,25
2.5,120.5,-0.20277753,1.616694413666018,25
2.5,121.5,-0.2137094,1.616694413666018,25
2.5,122.5,-0.29002059,1.616694413666018,25
2.5,123.5,-0.35589817,1.616694413666018,25
2.5,124.5,-0.41243312,1.616694413666018,25
2.5,125.5,-0.43622267,1.616694413666018,25
2.5,126.5,-0.42320868,1.616694413666018,25
2.5,127.5,-0.403709,1.616694413666018,25
2.5,128.5,-0.37810057,1.616694413666018,25
2.5,129.5,-0.3030285,1.616694413666018,25
2.5,130.5,-0.25722626,1.616694413666018,25
2.5,131.5,-0.2695956,1.616694413666018,25
2.5,132.5,-0.2790984,1.616694413666018,25
2.5,133.5,-0.28790238,1.616694413666018,25
2.5,134.5,-0.29333973,1.616694413666018,25
2.5,135.5,-0.29690644,1.616694413666018,25
2.5,136.5,-0.3007483,1.616694413666018,25
2.5,137.5,-0.3050898,1.616694413666018,25
2.5,138.5,-0.3072167,1.616694413666018,25
2.5,139.5,-0.30305216,1.616694413666018,25
2.5,140.5,-0.28546628,1.616694413666018,25
2.5,141.5,-0.26188534,1.616694413666018,25
2.5,142.5,-0.23352186,1.616694413666018,25
2.5,143.5,-0.2013515,1.616694413666018,25
2.5,144.5,-0.16718751,1.616694413666018,25
2.5,145.5,-0.13197482,1.616694413666018,25
2.5,146.5,-0.09598016,1.616694413666018,25
2.5,147.5,-0.05919593,1.616694413666018,25
2.5,148.5,-0.020106068,1.616694413666018,25
2.5,149.5,0.02166686,1.616694413666018,25
2.5,150.5,0.054729767,1.616694413666018,25
2.5,151.5,0.08587247,1.616694413666018,25
2.5,152.5,0.11621079,1.616694413666018,25
2.5,153.5,0.14796282,1.616694413666018,25
2.5,154.5,0.18226635,1.616694413666018,25
2.5,155.5,0.2192135,1.616694413666018,25
2.5,156.5,0.25858453,1.616694413666018,25
2.5,157.5,0.29969734,1.616694413666018,25
2.5,158.5,0.34996903,1.616694413666018,25
2.5,159.5,0.39522904,1.616694413666018,25
2.5,160.5,0.44253066,1.616694413666018,25
2.5,161.5,0.49041438,1.616694413666018,25
2.5,162.5,0.53837615,1.616694413666018,25
2.5,163.5,0.58614683,1.616694413666018,25
2.5,164.5,0.63358307,1.616694413666018,25
2.5,165.5,0.6809114,1.616694413666018,25
2.5,166.5,0.7289914,1.616694413666018,25
2.5,167.5,0.7854318,1.616694413666018,25
2.5,168.5,0.8362148,1.616694413666018,25
2.5,169.5,0.8850362,1.616694413666018,25
2.5,170.5,0.93268675,1.616694413666018,25
2.5,171.5,0.9796255,1.616694413666018,25
2.5,172.5,1.0262115,1.616694413666018,25
2.5,173.5,1.0724207,1.616694413666018,25
2.5,174.5,1.1176064,1.616694413666018,25
2.5,175.5,1.1606177,1.616694413666018,25
2.5,176.5,1.2065719,1.616694413666018,25
2.5,177.5,1.2443805,1.616694413666018,25
2.5,178.5,1.280367,1.616694413666018,25
2.5,179.5,1.317854,1.616694413666018,25
2.5,180.5,1.3557868,1.616694413666018,25
2.5,181.5,1.3917274,1.616694413666018,25
2.5,182.5,1.4242828,1.616694413666018,25
2.5,183.5,1.4543527,1.616694413666018,25
2.5,184.5,1.4849037,1.616694413666018,25
2.5,185.5,1.5179869,1.616694413666018,25
2.5,186.5,1.5416907,1.616694413666018,25
2.5,187.5,1.5633382,1.616694413666018,25
2.5,188.5,1.5838678,1.616694413666018,25
2.5,189.5,1.6039616,1.616694413666018,25
2.5,190.5,1.6226099,1.616694413666018,25
2.5,191.5,1.637946,1.616694413666018,25
2.5,192.5,1.64922,1.616694413666018,25
2.5,193.5,1.6586413,1.616694413666018,25
2.5,194.5,1.6681362,1.616694413666018,25
2.5,195.5,1.6745754,1.616694413666018,25
2.5,196.5,1.6785111,1.616694413666018,25
2.5,197.5,1.6832571,1.616694413666018,25
2.5,198.5,1.6913974,1.616694413666018,25
2.5,199.5,1.701997,1.616694413666018,25
2.5,200.5,1.7122444,1.616694413666018,25
2.5,201.5,1.720116,1.616694413666018,25
2.5,202.5,1.7245669,1.616694413666018,25
2.5,203.5,1.7262702,1.616694413666018,25
2.5,204.5,1.727489,1.616694413666018,25
2.5,205.5,1.7259488,1.616694413666018,25
2.5,206.5,1.7222835,1.616694413666018,25
2.5,207.5,1.7180713,1.616694413666018,25
2.5,208.5,1.7131226,1.616694413666018,25
2.5,209.5,1.7060715,1.616694413666018,25
2.5,210.5,1.6960222,1.616694413666018,25
2.5,211.5,1.6829103,1.616694413666018,25
2.5,212.5,1.670731,1.616694413666018,25
2.5,213.5,1.6616915,1.616694413666018,25
2.5,214.5,1.6516675,1.616694413666018,25
2.5,215.5,1.6410626,1.616694413666018,25
2.5,216.5,1.630381,1.616694413666018,25
2.5,217.5,1.6202625,1.616694413666018,25
2.5,218.5,1.6107999,1.616694413666018,25
2.5,219.5,1.6016128,1.616694413666018,25
2.5,220.5,1.5940329,1.616694413666018,25
2.5,221.5,1.5846349,1.616694413666018,25
2.5,222.5,1.5700333,1.616694413666018,25
2.5,223.5,1.5511571,1.616694413666018,25
2.5,224.5,1.5296333,1.616694413666018,25
2.5,225.5,1.508164,1.616694413666018,25
2.5,226.5,1.4877038,1.616694413666018,25
2.5,227.5,1.4691467,1.616694413666018,25
2.5,228.5,1.4553472,1.616694413666018,25
2.5,229.5,1.4494815,1.616694413666018,25
2.5,230.5,1.4505235,1.616694413666018,25
2.5,231.5,1.4492568,1.616694413666018,25
2.5,232.5,1.4395432,1.616694413666018,25
2.5,233.5,1.4223744,1.616694413666018,25
2.5,234.5,1.4048156,1.616694413666018,25
2.5,235.5,1.3942876,1.616694413666018,25
2.5,236.5,1.3943262,1.616694413666018,25
2.5,237.5,1.4024501,1.616694413666018,25
2.5,238.5,1.4108329,1.616694413666018,25
2.5,239.5,1.4045432,1.616694413666018,25
2.5,240.5,1.3910165,1.616694413666018,25
2.5,241.5,1.379212,1.616694413666018,25
2.5,242.5,1.3642615,1.616694413666018,25
2.5,243.5,1.346951,1.616694413666018,25
2.5,244.5,1.3309925,1.616694413666018,25
2.5,245.5,1.3203696,1.616694413666018,25
2.5,246.5,1.3159974,1.616694413666018,25
2.5,247.5,1.3106145,1.616694413666018,25
2.5,248.5,1.3023523,1.616694413666018,25
2.5,249.5,1.28947,1.616694413666018,25
2.5,250.5,1.282712,1.616694413666018,25
2.5,251.5,1.279513,1.616694413666018,25
2.5,252.5,1.273151,1.616694413666018,25
2.5,253.5,1.2628139,1.616694413666018,25
2.5,254.5,1.2525024,1.616694413666018,25
2.5,255.5,1.2451612,1.616694413666018,25
2.5,256.5,1.2383174,1.616694413666018,25
2.5,257.5,1.2309679,1.616694413666018,25
2.5,258.5,1.2265275,1.616694413666018,25
2.5,259.5,1.2231823,1.616694413666018,25
2.5,260.5,1.2160845,1.616694413666018,25
2.5,261.5,1.2033771,1.616694413666018,25
2.5,262.5,1.18636,1.616694413666018,25
2.5,263.5,1.1677936,1.616694413666018,25
2.5,264.5,1.1493019,1.616694413666018,25
2.5,265.5,1.1289961,1.616694413666018,25
2.5,266.5,1.1042948,1.616694413666018,25
2.5,267.5,1.0864897,1.616694413666018,25
2.5,268.5,1.0699832,1.616694413666018,25
2.5,269.5,1.0571485,1.616694413666018,25
2.5,270.5,1.0518456,1.616694413666018,25
2.5,271.5,1.045512,1.616694413666018,25
2.5,272.5,1.0276092,1.616694413666018,25
2.5,273.5,0.9996376,1.616694413666018,25
2.5,274.5,0.9717252,1.616694413666018,25
2.5,275.5,0.94944763,1.616694413666018,25
2.5,276.5,0.93980306,1.616694413666018,25
2.5,277.5,0.9377019,1.616694413666018,25
2.5,278.5,0.9351069,1.616694413666018,25
2.5,279.5,0.90888536,1.616694413666018,25
2.5,280.5,0.885879,1.616694413666018,25
2.5,281.5,0.88992125,1.616694413666018,25
2.5,282.5,,1.616694413666018,25
2.5,283.5,,1.616694413666018,25
2.5,284.5,,1.616694413666018,25
2.5,285.5,,1.616694413666018,25
2.5,286.5,,1.616694413666018,25
2.5,287.5,,1.616694413666018,25
2.5,288.5,,1.616694413666018,25
2.5,289.5,,1.616694413666018,25
3.5,120.5,-0.20425974,1.616694413666018,25
3.5,121.5,-0.17152227,1.616694413666018,25
3.5,122.5,-0.26782975,1.616694413666018,25
3.5,123.5,-0.36296004,1.616694413666018,25
3.5,124.5,-0.44914776,1.616694413666018,25
3.5,125.5,-0.52013135,1.616694413666018,25
3.5,126.5,-0.5771557,1.616694413666018,25
3.5,127.5,-0.60223466,1.616694413666018,25
3.5,128.5,-0.56479716,1.616694413666018,25
3.5,129.5,-0.45684445,1.616694413666018,25
3.5,130.5,-0.35168684,1.616694413666018,25
3.5,131.5,-0.31463024,1.616694413666018,25
3.5,132.5,-0.30977732,1.616694413666018,25
3.5,133.5,-0.3198298,1.616694413666018,25
3.5,134.5,-0.3289099,1.616694413666018,25
3.5,135.5,-0.33280477,1.616694413666018,25
3.5,136.5,-0.33274782,1.616694413666018,25
3.5,137.5,-0.33135384,1.616694413666018,25
3.5,138.5,-0.32976678,1.616694413666018,25
3.5,139.5,-0.32486543,1.616694413666018,25
3.5,140.5,-0.30828893,1.616694413666018,25
3.5,141.5,-0.28819478,1.616694413666018,25
3.5,142.5,-0.26514295,1.616694413666018,25
3.5,143.5,-0.24018763,1.616694413666018,25
3.5,144.5,-0.2135672,1.616694413666018,25
3.5,145.5,-0.18523191,1.616694413666018,25
3.5,146.5,-0.1551773,1.616694413666018,25
3.5,147.5,-0.123509236,1.616694413666018,25
3.5,148.5,-0.09037794,1.616694413666018,25
3.5,149.5,-0.05562116,1.616694413666018,25
3.5,150.5,-0.029612169,1.616694413666018,25
3.5,151.5,-0.0061603165,1.616694413666018,25
3.5,152.5,0.016127748,1.616694413666018,25
3.5,153.5,0.038946353,1.616694413666018,25
3.5,154.5,0.063522585,1.616694413666018,25
3.5,155.5,0.090664156,1.616694413666018,25
3.5,156.5,0.12122387,1.616694413666018,25
3.5,157.5,0.15645495,1.616694413666018,25
3.5,158.5,0.20058556,1.616694413666018,25
3.5,159.5,0.24078363,1.616694413666018,25
3.5,160.5,0.2816919,1.616694413666018,25
3.5,161.5,0.3226182,1.616694413666018,25
3.5,162.5,0.36385947,1.616694413666018,25
3.5,163.5,0.40542576,1.616694413666018,25
3.5,164.5,0.44648576,1.616694413666018,25
3.5,165.5,0.48589867,1.616694413666018,25
3.5,166.5,0.524128,1.616694413666018,25
3.5,167.5,0.5701553,1.616694413666018,25
3.5,168.5,0.6124103,1.616694413666018,25
3.5,169.5,0.65825814,1.616694413666018,25
3.5,170.5,0.70680803,1.616694413666018,25
3.5,171.5,0.75616145,1.616694413666018,25
3.5,172.5,0.8050725,1.616694413666018,25
3.5,173.5,0.85285324,1.616694413666018,25
3.5,174.5,0.8985927,1.616694413666018,25
3.5,175.5,0.94090873,1.616694413666018,25
3.5,176.5,0.9838564,1.616694413666018,25
3.5,177.5,1.0197196,1.616694413666018,25
3.5,178.5,1.055586,1.616694413666018,25
3.5,179.5,1.0940815,1.616694413666018,25
3.5,180.5,1.1337154,1.616694413666018,25
3.5,181.5,1.17142,1.616694413666018,25
3.5,182.5,1.2053294,1.616694413666018,25
3.5,183.5,1.2364424,1.616694413666018,25
3.5,184.5,1.2677627,1.616694413666018,25
3.5,185.5,1.3051769,1.616694413666018,25
3.5,186.5,1.3351333,1.616694413666018,25
3.5,187.5,1.3628544,1.616694413666018,25
3.5,188.5,1.3881938,1.616694413666018,25
3.5,189.5,1.4110458,1.616694413666018,25
3.5,190.5,1.4313806,1.616694413666018,25
3.5,191.5,1.449111,1.616694413666018,25
3.5,192.5,1.4642671,1.616694413666018,25
3.5,193.5,1.4777789,1.616694413666018,25
3.5,194.5,1.4932021,1.616694413666018,25
3.5,195.5,1.5035168,1.616694413666018,25
3.5,196.5,1.5114077,1.616694413666018,25
3.5,197.5,1.5197396,1.616694413666018,25
3.5,198.5,1.5306158,1.616694413666018,25
3.5,199.5,1.5441555,1.616694413666018,25
3.5,200.5,1.5587065,1.616694413666018,25
3.5,201.5,1.572124,1.616694413666018,25
3.5,202.5,1.5838981,1.616694413666018,25
3.5,203.5,1.5905489,1.616694413666018,25
3.5,204.5,1.5938812,1.616694413666018,25
3.5,205.5,1.5946038,1.616694413666018,25
3.5,206.5,1.5953773,1.616694413666018,25
3.5,207.5,1.5969578,1.616694413666018,25
3.5,208.5,1.5984937,1.616694413666018,25
3.5,209.5,1.5981847,1.616694413666018,25
3.5,210.5,1.5940574,1.616694413666018,25
3.5,211.5,1.5846944,1.616694413666018,25
3.5,212.5,1.5730941,1.616694413666018,25
3.5,213.5,1.5636429,1.616694413666018,25
3.5,214.5,1.5558035,1.616694413666018,25
3.5,215.5,1.5464609,1.616694413666018,25
3.5,216.5,1.5360916,1.616694413666018,25
3.5,217.5,1.5261122,1.616694413666018,25
3.5,218.5,1.5178189,1.616694413666018,25
3.5,219.5,1.5120213,1.616694413666018,25
3.5,220.5,1.5083367,1.616694413666018,25
3.5,221.5,1.5032269,1.616694413666018,25
3.5,222.5,1.4939659,1.616694413666018,25
3.5,223.5,1.4807386,1.616694413666018,25
3.5,224.5,1.4645104,1.616694413666018,25
3.5,225.5,1.4449464,1.616694413666018,25
3.5,226.5,1.4234092,1.616694413666018,25
3.5,227.5,1.4032401,1.616694413666018,25
3.5,228.5,1.3877934,1.616694413666018,25
3.5,229.5,1.376917,1.616694413666018,25
3.5,230.5,1.3721118,1.616694413666018,25
3.5,231.5,1.3684928,1.616694413666018,25
3.5,232.5,1.3610642,1.616694413666018,25
3.5,233.5,1.3499062,1.616694413666018,25
3.5,234.5,1.338414,1.616694413666018,25
3.5,235.5,1.3308289,1.616694413666018,25
3.5,236.5,1.3280892,1.616694413666018,25
3.5,237.5,1.3262638,1.616694413666018,25
3.5,238.5,1.3216715,1.616694413666018,25
3.5,239.5,1.305893,1.616694413666018,25
3.5,240.5,1.2885753,1.616694413666018,25
3.5,241.5,1.2740414,1.616694413666018,25
3.5,242.5,1.2595093,1.616694413666018,25
3.5,243.5,1.2416565,1.616694413666018,25
3.5,244.5,1.2220927,1.616694413666018,25
3.5,245.5,1.205377,1.616694413666018,25
3.5,246.5,1.1938716,1.616694413666018,25
3.5,247.5,1.1835934,1.616694413666018,25
3.5,248.5,1.1640912,1.616694413666018,25
3.5,249.5,1.1447854,1.616694413666018,25
3.5,250.5,1.1314238,1.616694413666018,25
3.5,251.5,1.1247153,1.616694413666018,25
3.5,252.5,1.121059,1.616694413666018,25
3.5,253.5,1.1173283,1.616694413666018,25
3.5,254.5,1.1133575,1.616694413666018,25
3.5,255.5,1.110884,1.616694413666018,25
3.5,256.5,1.1078098,1.616694413666018,25
3.5,257.5,1.1043295,1.616694413666018,25
3.5,258.5,1.101448,1.616694413666018,25
3.5,259.5,1.0982578,1.616694413666018,25
3.5,260.5,1.0939897,1.616694413666018,25
3.5,261.5,1.0889124,1.616694413666018,25
3.5,262.5,1.0821607,1.616694413666018,25
3.5,263.5,1.0725671,1.616694413666018,25
3.5,264.5,1.0604832,1.616694413666018,25
3.5,265.5,1.0486224,1.616694413666018,25
3.5,266.5,1.035391,1.616694413666018,25
3.5,267.5,1.0220761,1.616694413666018,25
3.5,268.5,1.003102,1.616694413666018,25
3.5,269.5,0.977847,1.616694413666018,25
3.5,270.5,0.95303464,1.616694413666018,25
3.5,271.5,0.93064636,1.616694413666018,25
3.5,272.5,0.90801895,1.616694413666018,25
3.5,273.5,0.8839409,1.616694413666018,25
3.5,274.5,0.8645128,1.616694413666018,25
3.5,275.5,0.8496288,1.616694413666018,25
3.5,276.5,0.8403998,1.616694413666018,25
3.5,277.5,0.83762026,1.616694413666018,25
3.5,278.5,0.83560884,1.616694413666018,25
3.5,279.5,0.8223852,1.616694413666018,25
3.5,280.5,0.812126,1.616694413666018,25
3.5,281.5,0.83313334,1.616694413666018,25
3.5,282.5,0.8858809,1.616694413666018,25
3.5,283.5,,1.616694413666018,25
3.5,284.5,,1.616694413666018,25
3.5,285.5,,1.616694413666018,25
3.5,286.5,,1.616694413666018,25
3.5,287.5,,1.616694413666018,25
3.5,288.5,,1.616694413666018,25
3.5,289.5,,1.616694413666018,25
4.5,120.5,-0.25992307,1.616694413666018,25
4.5,121.5,-0.17733973,1.616694413666018,25
4.5,122.5,-0.1617927,1.616694413666018,25
4.5,123.5,-0.27363777,1.616694413666018,25
4.5,124.5,-0.39973834,1.616694413666018,25
4.5,125.5,-0.51961035,1.616694413666018,25
4.5,126.5,-0.6116714,1.616694413666018,25
4.5,127.5,-0.66125506,1.616694413666018,25
4.5,128.5,-0.6586125,1.616694413666018,25
4.5,129.5,-0.59574044,1.616694413666018,25
4.5,130.5,-0.47097465,1.616694413666018,25
4.5,131.5,-0.37998128,1.616694413666018,25
4.5,132.5,-0.35094357,1.616694413666018,25
4.5,133.5,-0.35285482,1.616694413666018,25
4.5,134.5,-0.36194074,1.616694413666018,25
4.5,135.5,-0.36460477,1.616694413666018,25
4.5,136.5,-0.35962754,1.616694413666018,25
4.5,137.5,-0.351655,1.616694413666018,25
4.5,138.5,-0.34340748,1.616694413666018,25
4.5,139.5,-0.3341961,1.616694413666018,25
4.5,140.5,-0.32018664,1.616694413666018,25
4.5,141.5,-0.3083127,1.616694413666018,25
4.5,142.5,-0.29684868,1.616694413666018,25
4.5,143.5,-0.2841939,1.616694413666018,25
4.5,144.5,-0.2702022,1.616694413666018,25
4.5,145.5,-0.25414076,1.616694413666018,25
4.5,146.5,-0.23492609,1.616694413666018,25
4.5,147.5,-0.21237285,1.616694413666018,25
4.5,148.5,-0.18861605,1.616694413666018,25
4.5,149.5,-0.16414386,1.616694413666018,25
4.5,150.5,-0.14660001,1.616694413666018,25
4.5,151.5,-0.13100883,1.616694413666018,25
4.5,152.5,-0.11678021,1.616694413666018,25
4.5,153.5,-0.10244998,1.616694413666018,25
4.5,154.5,-0.086881936,1.616694413666018,25
4.5,155.5,-0.06922943,1.616694413666018,25
4.5,156.5,-0.0484136,1.616694413666018,25
4.5,157.5,-0.022988424,1.616694413666018,25
4.5,158.5,0.011922321,1.616694413666018,25
4.5,159.5,0.0442657,1.616694413666018,25
4.5,160.5,0.07582198,1.616694413666018,25
4.5,161.5,0.106880724,1.616694413666018,25
4.5,162.5,0.13833511,1.616694413666018,25
4.5,163.5,0.170462,1.616694413666018,25
4.5,164.5,0.20257536,1.616694413666018,25
4.5,165.5,0.23340513,1.616694413666018,25
4.5,166.5,0.26199174,1.616694413666018,25
4.5,167.5,0.29367512,1.616694413666018,25
4.5,168.5,0.32126862,1.616694413666018,25
4.5,169.5,0.35365927,1.616694413666018,25
4.5,170.5,0.39169556,1.616694413666018,25
4.5,171.5,0.43345863,1.616694413666018,25
4.5,172.5,0.47795776,1.616694413666018,25
4.5,173.5,0.52465934,1.616694413666018,25
4.5,174.5,0.57170737,1.616694413666018,25
4.5,175.5,0.6158265,1.616694413666018,25
4.5,176.5,0.65952194,1.616694413666018,25
4.5,177.5,0.69422805,1.616694413666018,25
4.5,178.5,0.7286154,1.616694413666018,25
4.5,179.5,0.7651105,1.616694413666018,25
4.5,180.5,0.80401266,1.616694413666018,25
4.5,181.5,0.8434682,1.616694413666018,25
4.5,182.5,0.8809073,1.616694413666018,25
4.5,183.5,0.9151793,1.616694413666018,25
4.5,184.5,0.94852686,1.616694413666018,25
4.5,185.5,0.9875847,1.616694413666018,25
4.5,186.5,1.0209874,1.616694413666018,25
4.5,187.5,1.0528305,1.616694413666018,25
4.5,188.5,1.0825906,1.616694413666018,25
4.5,189.5,1.1105465,1.616694413666018,25
4.5,190.5,1.1363453,1.616694413666018,25
4.5,191.5,1.1594703,1.616694413666018,25
4.5,192.5,1.1802062,1.616694413666018,25
4.5,193.5,1.199739,1.616694413666018,25
4.5,194.5,1.2208681,1.616694413666018,25
4.5,195.5,1.2370288,1.616694413666018,25
4.5,196.5,1.2529963,1.616694413666018,25
4.5,197.5,1.2697628,1.616694413666018,25
4.5,198.5,1.2858204,1.616694413666018,25
4.5,199.5,1.2999233,1.616694413666018,25
4.5,200.5,1.3128874,1.616694413666018,25
4.5,201.5,1.3271426,1.616694413666018,25
4.5,202.5,1.3427058,1.616694413666018,25
4.5,203.5,1.356473,1.616694413666018,25
4.5,204.5,1.3636823,1.616694413666018,25
4.5,205.5,1.3675148,1.616694413666018,25
4.5,206.5,1.3710235,1.616694413666018,25
4.5,207.5,1.3750981,1.616694413666018,25
4.5,208.5,1.3798196,1.616694413666018,25
4.5,209.5,1.3847177,1.616694413666018,25
4.5,210.5,1.3883945,1.616694413666018,25
4.5,211.5,1.3881068,1.616694413666018,25
4.5,212.5,1.3824157,1.616694413666018,25
4.5,213.5,1.3780202,1.616694413666018,25
4.5,214.5,1.3749274,1.616694413666018,25
4.5,215.5,1.3718585,1.616694413666018,25
4.5,216.5,1.3667258,1.616694413666018,25
4.5,217.5,1.3584169,1.616694413666018,25
4.5,218.5,1.3471156,1.616694413666018,25
4.5,219.5,1.3341441,1.616694413666018,25
4.5,220.5,1.3223169,1.616694413666018,25
4.5,221.5,1.3109325,1.616694413666018,25
4.5,222.5,1.3011179,1.616694413666018,25
4.5,223.5,1.2894542,1.616694413666018,25
4.5,224.5,1.2748716,1.616694413666018,25
4.5,225.5,1.2569327,1.616694413666018,25
4.5,226.5,1.237569,1.616694413666018,25
4.5,227.5,1.2200534,1.616694413666018,25
4.5,228.5,1.206965,1.616694413666018,25
4.5,229.5,1.198866,1.616694413666018,25
4.5,230.5,1.1926503,1.616694413666018,25
4.5,231.5,1.1862311,1.616694413666018,25
4.5,232.5,1.1788704,1.616694413666018,25
4.5,233.5,1.1708846,1.616694413666018,25
4.5,234.5,1.1627722,1.616694413666018,25
4.5,235.5,1.1544651,1.616694413666018,25
4.5,236.5,1.1460927,1.616694413666018,25
4.5,237.5,1.1378995,1.616694413666018,25
4.5,238.5,1.1270326,1.616694413666018,25
4.5,239.5,1.1101772,1.616694413666018,25
4.5,240.5,1.0966086,1.616694413666018,25
4.5,241.5,1.0860649,1.616694413666018,25
4.5,242.5,1.0759387,1.616694413666018,25
4.5,243.5,1.0640306,1.616694413666018,25
4.5,244.5,1.0515106,1.616694413666018,25
4.5,245.5,1.0402936,1.616694413666018,25
4.5,246.5,1.0301328,1.616694413666018,25
4.5,247.5,1.0208015,1.616694413666018,25
4.5,248.5,1.0039306,1.616694413666018,25
4.5,249.5,0.98764175,1.616694413666018,25
4.5,250.5,0.973895,1.616694413666018,25
4.5,251.5,0.96414304,1.616694413666018,25
4.5,252.5,0.958241,1.616694413666018,25
4.5,253.5,0.95507205,1.616694413666018,25
4.5,254.5,0.9538437,1.616694413666018,25
4.5,255.5,0.95448285,1.616694413666018,25
4.5,256.5,0.9555121,1.616694413666018,25
4.5,257.5,0.9576988,1.616694413666018,25
4.5,258.5,0.9629773,1.616694413666018,25
4.5,259.5,0.96685785,1.616694413666018,25
4.5,260.5,0.9685652,1.616694413666018,25
4.5,261.5,0.9689694,1.616694413666018,25
4.5,262.5,0.9680739,1.616694413666018,25
4.5,263.5,0.96436846,1.616694413666018,25
4.5,264.5,0.9563707,1.616694413666018,25
4.5,265.5,0.9466076,1.616694413666018,25
4.5,266.5,0.9393166,1.616694413666018,25
4.5,267.5,0.9345925,1.616694413666018,25
4.5,268.5,0.921674,1.616694413666018,25
4.5,269.5,0.9001604,1.616694413666018,25
4.5,270.5,0.87177366,1.616694413666018,25
4.5,271.5,0.8419517,1.616694413666018,25
4.5,272.5,0.8148227,1.616694413666018,25
4.5,273.5,0.7906186,1.616694413666018,25
4.5,274.5,0.77494264,1.616694413666018,25
4.5,275.5,0.7653421,1.616694413666018,25
4.5,276.5,0.75692147,1.616694413666018,25
4.5,277.5,0.74702865,1.616694413666018,25
4.5,278.5,0.7352253,1.616694413666018,25
4.5,279.5,0.72265244,1.616694413666018,25
4.5,280.5,0.72170824,1.616694413666018,25
4.5,281.5,0.7555183,1.616694413666018,25
4.5,282.5,0.825589,1.616694413666018,25
4.5,283.5,,1.616694413666018,25
4.5,284.5,,1.616694413666018,25
4.5,285.5,,1.616694413666018,25
4.5,286.5,,1.616694413666018,25
4.5,287.5,,1.616694413666018,25
4.5,288.5,,1.616694413666018,25
4.5,289.5,,1.616694413666018,25
5.5,120.5,-0.32408372,1.616694413666018,25
5.5,121.5,-0.23393452,1.616694413666018,25
5.5,122.5,-0.08920494,1.616694413666018,25
5.5,123.5,-0.15253852,1.616694413666018,25
5.5,124.5,-0.27535912,1.616694413666018,25
5.5,125.5,-0.42037737,1.616694413666018,25
5.5,126.5,-0.48355758,1.616694413666018,25
5.5,127.5,-0.4727999,1.616694413666018,25
5.5,128.5,-0.4684345,1.616694413666018,25
5.5,129.5,-0.5266524,1.616694413666018,25
5.5,130.5,-0.50909376,1.616694413666018,25
5.5,131.5,-0.4407449,1.616694413666018,25
5.5,132.5,-0.40050235,1.616694413666018,25
5.5,133.5,-0.3850043,1.616694413666018,25
5.5,134.5,-0.38121375,1.616694413666018,25
5.5,135.5,-0.37701264,1.616694413666018,25
5.5,136.5,-0.36791074,1.616694413666018,25
5.5,137.5,-0.35590863,1.616694413666018,25
5.5,138.5,-0.3445932,1.616694413666018,25
5.5,139.5,-0.33458683,1.616694413666018,25
5.5,140.5,-0.32364732,1.616694413666018,25
5.5,141.5,-0.31868547,1.616694413666018,25
5.5,142.5,-0.3177624,1.616694413666018,25
5.5,143.5,-0.31755567,1.616694413666018,25
5.5,144.5,-0.31567022,1.616694413666018,25
5.5,145.5,-0.31012934,1.616694413666018,25
5.5,146.5,-0.30068707,1.616694413666018,25
5.5,147.5,-0.2892662,1.616694413666018,25
5.5,148.5,-0.27714765,1.616694413666018,25
5.5,149.5,-0.26400632,1.616694413666018,25
5.5,150.5,-0.25417003,1.616694413666018,25
5.5,151.5,-0.24546118,1.616694413666018,25
5.5,152.5,-0.2371994,1.616694413666018,25
5.5,153.5,-0.22877021,1.616694413666018,25
5.5,154.5,-0.21985127,1.616694413666018,25
5.5,155.5,-0.20996141,1.616694413666018,25
5.5,156.5,-0.19815606,1.616694413666018,25
5.5,157.5,-0.1837204,1.616694413666018,25
5.5,158.5,-0.1621451,1.616694413666018,25
5.5,159.5,-0.1427697,1.616694413666018,25
5.5,160.5,-0.12334879,1.616694413666018,25
5.5,161.5,-0.10346807,1.616694413666018,25
5.5,162.5,-0.083659604,1.616694413666018,25
5.5,163.5,-0.063843206,1.616694413666018,25
5.5,164.5,-0.043563336,1.616694413666018,25
5.5,165.5,-0.022927104,1.616694413666018,25
5.5,166.5,-0.0032157898,1.616694413666018,25
5.5,167.5,0.019227954,1.616694413666018,25
5.5,168.5,0.0365242,1.616694413666018,25
5.5,169.5,0.055777997,1.616694413666018,25
5.5,170.5,0.078510664,1.616694413666018,25
5.5,171.5,0.1040818,1.616694413666018,25
5.5,172.5,0.13272053,1.616694413666018,25
5.5,173.5,0.16558911,1.616694413666018,25
5.5,174.5,0.20314576,1.616694413666018,25
5.5,175.5,0.24313572,1.616694413666018,25
5.5,176.5,0.28666523,1.616694413666018,25
5.5,177.5,0.32059592,1.616694413666018,25
5.5,178.5,0.35066643,1.616694413666018,25
5.5,179.5,0.3795264,1.616694413666018,25
5.5,180.5,0.40974122,1.616694413666018,25
5.5,181.5,0.44278228,1.616694413666018,25
5.5,182.5,0.47808397,1.616694413666018,25
5.5,183.5,0.513437,1.616694413666018,25
5.5,184.5,0.54805636,1.616694413666018,25
5.5,185.5,0.5864689,1.616694413666018,25
5.5,186.5,0.6185072,1.616694413666018,25
5.5,187.5,0.6489681,1.616694413666018,25
5.5,188.5,0.6777512,1.616694413666018,25
5.5,189.5,0.7058286,1.616694413666018,25
5.5,190.5,0.73358136,1.616694413666018,25
5.5,191.5,0.76075363,1.616694413666018,25
5.5,192.5,0.78702563,1.616694413666018,25
5.5,193.5,0.8119992,1.616694413666018,25
5.5,194.5,0.8379651,1.616694413666018,25
5.5,195.5,0.8598541,1.616694413666018,25
5.5,196.5,0.88260674,1.616694413666018,25
5.5,197.5,0.9060661,1.616694413666018,25
5.5,198.5,0.9281576,1.616694413666018,25
5.5,199.5,0.9461687,1.616694413666018,25
5.5,200.5,0.9595192,1.616694413666018,25
5.5,201.5,0.97109556,1.616694413666018,25
5.5,202.5,0.98422647,1.616694413666018,25
5.5,203.5,1.002023,1.616694413666018,25
5.5,204.5,1.0168085,1.616694413666018,25
5.5,205.5,1.0277234,1.616694413666018,25
5.5,206.5,1.0343987,1.616694413666018,25
5.5,207.5,1.0379367,1.616694413666018,25
5.5,208.5,1.0401695,1.616694413666018,25
5.5,209.5,1.0432553,1.616694413666018,25
5.5,210.5,1.0489836,1.616694413666018,25
5.5,211.5,1.0574139,1.616694413666018,25
5.5,212.5,1.06569,1.616694413666018,25
5.5,213.5,1.069841,1.616694413666018,25
5.5,214.5,1.0716976,1.616694413666018,25
5.5,215.5,1.074447,1.616694413666018,25
5.5,216.5,1.0790514,1.616694413666018,25
5.5,217.5,1.0828589,1.616694413666018,25
5.5,218.5,1.0817412,1.616694413666018,25
5.5,219.5,1.0734608,1.616694413666018,25
5.5,220.5,1.0594364,1.616694413666018,25
5.5,221.5,1.0404272,1.616694413666018,25
5.5,222.5,1.0247301,1.616694413666018,25
5.5,223.5,1.0107003,1.616694413666018,25
5.5,224.5,0.9973261,1.616694413666018,25
5.5,225.5,0.9824675,1.616694413666018,25
5.5,226.5,0.9667266,1.616694413666018,25
5.5,227.5,0.9517122,1.616694413666018,25
5.5,228.5,0.93768203,1.616694413666018,25
5.5,229.5,0.9259091,1.616694413666018,25
5.5,230.5,0.91521376,1.616694413666018,25
5.5,231.5,0.90518296,1.616694413666018,25
5.5,232.5,0.89490235,1.616694413666018,25
5.5,233.5,0.88516164,1.616694413666018,25
5.5,234.5,0.8762382,1.616694413666018,25
5.5,235.5,0.867733,1.616694413666018,25
5.5,236.5,0.8596308,1.616694413666018,25
5.5,237.5,0.85291994,1.616694413666018,25
5.5,238.5,0.84828734,1.616694413666018,25
5.5,239.5,0.8456344,1.616694413666018,25
5.5,240.5,0.84313655,1.616694413666018,25
5.5,241.5,0.841593,1.616694413666018,25
5.5,242.5,0.84042585,1.616694413666018,25
5.5,243.5,0.8391519,1.616694413666018,25
5.5,244.5,0.83818877,1.616694413666018,25
5.5,245.5,0.83738333,1.616694413666018,25
5.5,246.5,0.8351471,1.616694413666018,25
5.5,247.5,0.831532,1.616694413666018,25
5.5,248.5,0.82587695,1.616694413666018,25
5.5,249.5,0.8205258,1.616694413666018,25
5.5,250.5,0.81438655,1.616694413666018,25
5.5,251.5,0.8078792,1.616694413666018,25
5.5,252.5,0.80186766,1.616694413666018,25
5.5,253.5,0.79745847,1.616694413666018,25
5.5,254.5,0.7953552,1.616694413666018,25
5.5,255.5,0.79544693,1.616694413666018,25
5.5,256.5,0.7972823,1.616694413666018,25
5.5,257.5,0.80329865,1.616694413666018,25
5.5,258.5,0.81652224,1.616694413666018,25
5.5,259.5,0.8292032,1.616694413666018,25
5.5,260.5,0.8392242,1.616694413666018,25
5.5,261.5,0.84760356,1.616694413666018,25
5.5,262.5,0.8547699,1.616694413666018,25
5.5,263.5,0.8591658,1.616694413666018,25
5.5,264.5,0.858375,1.616694413666018,25
5.5,265.5,0.85294604,1.616694413666018,25
5.5,266.5,0.8494757,1.616694413666018,25
5.5,267.5,0.84947294,1.616694413666018,25
5.5,268.5,0.8419938,1.616694413666018,25
5.5,269.5,0.8256351,1.616694413666018,25
5.5,270.5,0.8027995,1.616694413666018,25
5.5,271.5,0.77662814,1.616694413666018,25
5.5,272.5,0.7489343,1.616694413666018,25
5.5,273.5,0.7215361,1.616694413666018,25
5.5,274.5,0.7035324,1.616694413666018,25
5.5,275.5,0.6899417,1.616694413666018,25
5.5,276.5,0.6786151,1.616694413666018,25
5.5,277.5,0.6617744,1.616694413666018,25
5.5,278.5,0.63798434,1.616694413666018,25
5.5,279.5,0.6159588,1.616694413666018,25
5.5,280.5,0.6137049,1.616694413666018,25
5.5,281.5,0.6469209,1.616694413666018,25
5.5,282.5,0.7039391,1.616694413666018,25
5.5,283.5,,1.616694413666018,25
5.5,284.5,,1.616694413666018,25
5.5,285.5,,1.616694413666018,25
5.5,286.5,,1.616694413666018,25
5.5,287.5,,1.616694413666018,25
5.5,288.5,,1.616694413666018,25
5.5,289.5,,1.616694413666018,25
6.5,120.5,-0.3491686,1.616694413666018,25
6.5,121.5,-0.296072,1.616694413666018,25
6.5,122.5,-0.14942218,1.616694413666018,25
6.5,123.5,-0.14725631,1.616694413666018,25
6.5,124.5,,1.616694413666018,25
6.5,125.5,-0.42874375,1.616694413666018,25
6.5,126.5,-0.40162784,1.616694413666018,25
6.5,127.5,-0.34743032,1.616694413666018,25
6.5,128.5,-0.3063776,1.616694413666018,25
6.5,129.5,-0.32951862,1.616694413666018,25
6.5,130.5,-0.40494293,1.616694413666018,25
6.5,131.5,-0.40423405,1.616694413666018,25
6.5,132.5,-0.38599616,1.616694413666018,25
6.5,133.5,-0.3749789,1.616694413666018,25
6.5,134.5,-0.3688424,1.616694413666018,25
6.5,135.5,-0.35995454,1.616694413666018,25
6.5,136.5,-0.3478912,1.616694413666018,25
6.5,137.5,-0.3373254,1.616694413666018,25
6.5,138.5,-0.33079243,1.616694413666018,25
6.5,139.5,-0.32614884,1.616694413666018,25
6.5,140.5,-0.32351765,1.616694413666018,25
6.5,141.5,-0.3247155,1.616694413666018,25
6.5,142.5,-0.32934192,1.616694413666018,25
6.5,143.5,-0.33533844,1.616694413666018,25
6.5,144.5,-0.33962852,1.616694413666018,25
6.5,145.5,-0.3402111,1.616694413666018,25
6.5,146.5,-0.33729482,1.616694413666018,25
6.5,147.5,-0.33297554,1.616694413666018,25
6.5,148.5,-0.32900876,1.616694413666018,25
6.5,149.5,-0.3260964,1.616694413666018,25
6.5,150.5,-0.32443675,1.616694413666018,25
6.5,151.5,-0.32220355,1.616694413666018,25
6.5,152.5,-0.31785724,1.616694413666018,25
6.5,153.5,-0.31124675,1.616694413666018,25
6.5,154.5,-0.30337548,1.616694413666018,25
6.5,155.5,-0.29506552,1.616694413666018,25
6.5,156.5,-0.28625214,1.616694413666018,25
6.5,157.5,-0.27783194,1.616694413666018,25
6.5,158.5,-0.26703936,1.616694413666018,25
6.5,159.5,-0.2577107,1.616694413666018,25
6.5,160.5,-0.24894054,1.616694413666018,25
6.5,161.5,-0.24010147,1.616694413666018,25
6.5,162.5,-0.23162885,1.616694413666018,25
6.5,163.5,-0.2237008,1.616694413666018,25
6.5,164.5,-0.21605167,1.616694413666018,25
6.5,165.5,-0.20821914,1.616694413666018,25
6.5,166.5,-0.19972427,1.616694413666018,25
6.5,167.5,-0.18804586,1.616694413666018,25
6.5,168.5,-0.1765547,1.616694413666018,25
6.5,169.5,-0.16416103,1.616694413666018,25
6.5,170.5,-0.1498528,1.616694413666018,25
6.5,171.5,-0.13287173,1.616694413666018,25
6.5,172.5,-0.11352294,1.616694413666018,25
6.5,173.5,-0.09243137,1.616694413666018,25
6.5,174.5,-0.06972282,1.616694413666018,25
6.5,175.5,-0.045578554,1.616694413666018,25
6.5,176.5,-0.016456995,1.616694413666018,25
6.5,177.5,0.009587746,1.616694413666018,25
6.5,178.5,0.033228435,1.616694413666018,25
6.5,179.5,0.054205198,1.616694413666018,25
6.5,180.5,0.07364414,1.616694413666018,25
6.5,181.5,0.094207525,1.616694413666018,25
6.5,182.5,0.117833406,1.616694413666018,25
6.5,183.5,0.14403087,1.616694413666018,25
6.5,184.5,0.17155471,1.616694413666018,25
6.5,185.5,0.20320667,1.616694413666018,25
6.5,186.5,0.2303197,1.616694413666018,25
6.5,187.5,0.25495672,1.616694413666018,25
6.5,188.5,0.27709085,1.616694413666018,25
6.5,189.5,0.29810268,1.616694413666018,25
6.5,190.5,0.3190335,1.616694413666018,25
6.5,191.5,0.34062445,1.616694413666018,25
6.5,192.5,0.36372018,1.616694413666018,25
6.5,193.5,0.38830048,1.616694413666018,25
6.5,194.5,0.4159782,1.616694413666018,25
6.5,195.5,0.4389391,1.616694413666018,25
6.5,196.5,0.46196526,1.616694413666018,25
6.5,197.5,0.48563313,1.616694413666018,25
6.5,198.5,0.5093233,1.616694413666018,25
6.5,199.5,0.53091353,1.616694413666018,25
6.5,200.5,0.5487371,1.616694413666018,25
6.5,201.5,0.56355715,1.616694413666018,25
6.5,202.5,0.5782381,1.616694413666018,25
6.5,203.5,0.5993441,1.616694413666018,25
6.5,204.5,0.6209349,1.616694413666018,25
6.5,205.5,0.64096314,1.616694413666018,25
6.5,206.5,0.6562221,1.616694413666018,25
6.5,207.5,0.6653774,1.616694413666018,25
6.5,208.5,0.66871595,1.616694413666018,25
6.5,209.5,0.66867477,1.616694413666018,25
6.5,210.5,0.6695909,1.616694413666018,25
6.5,211.5,0.675114,1.616694413666018,25
6.5,212.5,0.6883394,1.616694413666018,25
6.5,213.5,0.6997969,1.616694413666018,25
6.5,214.5,0.70762604,1.616694413666018,25
6.5,215.5,0.7142471,1.616694413666018,25
6.5,216.5,0.7228998,1.616694413666018,25
6.5,217.5,0.73389983,1.616694413666018,25
6.5,218.5,0.7443475,1.616694413666018,25
6.5,219.5,0.7501572,1.616694413666018,25
6.5,220.5,0.74915284,1.616694413666018,25
6.5,221.5,0.73972356,1.616694413666018,25
6.5,222.5,0.72853315,1.616694413666018,25
6.5,223.5,0.7173459,1.616694413666018,25
6.5,224.5,0.7079381,1.616694413666018,25
6.5,225.5,0.69869554,1.616694413666018,25
6.5,226.5,0.6893863,1.616694413666018,25
6.5,227.5,0.68039423,1.616694413666018,25
6.5,228.5,0.670766,1.616694413666018,25
6.5,229.5,0.65999794,1.616694413666018,25
6.5,230.5,0.6471304,1.616694413666018,25
6.5,231.5,0.63551116,1.616694413666018,25
6.5,232.5,0.6250545,1.616694413666018,25
6.5,233.5,0.6170765,1.616694413666018,25
6.5,234.5,0.6112158,1.616694413666018,25
6.5,235.5,0.6068437,1.616694413666018,25
6.5,236.5,0.60364145,1.616694413666018,25
6.5,237.5,0.6016615,1.616694413666018,25
6.5,238.5,0.6012909,1.616694413666018,25
6.5,239.5,0.6048256,1.616694413666018,25
6.5,240.5,0.60924006,1.616694413666018,25
6.5,241.5,0.6138873,1.616694413666018,25
6.5,242.5,0.6188022,1.616694413666018,25
6.5,243.5,0.6238058,1.616694413666018,25
6.5,244.5,0.6291899,1.616694413666018,25
6.5,245.5,0.63517505,1.616694413666018,25
6.5,246.5,0.64143705,1.616694413666018,25
6.5,247.5,0.6483127,1.616694413666018,25
6.5,248.5,0.6544635,1.616694413666018,25
6.5,249.5,0.6594903,1.616694413666018,25
6.5,250.5,0.663862,1.616694413666018,25
6.5,251.5,0.6660927,1.616694413666018,25
6.5,252.5,0.66720915,1.616694413666018,25
6.5,253.5,0.6681058,1.616694413666018,25
6.5,254.5,0.6688418,1.616694413666018,25
6.5,255.5,0.6695477,1.616694413666018,25
6.5,256.5,0.67279357,1.616694413666018,25
6.5,257.5,0.6809709,1.616694413666018,25
6.5,258.5,0.69371444,1.616694413666018,25
6.5,259.5,0.70757973,1.616694413666018,25
6.5,260.5,0.72039187,1.616694413666018,25
6.5,261.5,0.7322578,1.616694413666018,25
6.5,262.5,0.744384,1.616694413666018,25
6.5,263.5,0.7567299,1.616694413666018,25
6.5,264.5,0.76671433,1.616694413666018,25
6.5,265.5,0.77125937,1.616694413666018,25
6.5,266.5,0.7717912,1.616694413666018,25
6.5,267.5,0.77469695,1.616694413666018,25
6.5,268.5,0.7735806,1.616694413666018,25
6.5,269.5,0.7654108,1.616694413666018,25
6.5,270.5,0.7506234,1.616694413666018,25
6.5,271.5,0.7294488,1.616694413666018,25
6.5,272.5,0.70194656,1.616694413666018,25
6.5,273.5,0.67109656,1.616694413666018,25
6.5,274.5,0.6484037,1.616694413666018,25
6.5,275.5,0.6240636,1.616694413666018,25
6.5,276.5,0.5975724,1.616694413666018,25
6.5,277.5,0.566419,1.616694413666018,25
6.5,278.5,0.53726286,1.616694413666018,25
6.5,279.5,0.5113055,1.616694413666018,25
6.5,280.5,0.49775872,1.616694413666018,25
6.5,281.5,0.50763845,1.616694413666018,25
6.5,282.5,0.5353202,1.616694413666018,25
6.5,283.5,,1.616694413666018,25
6.5,284.5,,1.616694413666018,25
6.5,285.5,,1.616694413666018,25
6.5,286.5,,1.616694413666018,25
6.5,287.5,,1.616694413666018,25
6.5,288.5,,1.616694413666018,25
6.5,289.5,,1.616694413666018,25
7.5,120.5,-0.37613484,1.616694413666018,25
7.5,121.5,-0.338014,1.616694413666018,25
7.5,122.5,-0.28961042,1.616694413666018,25
7.5,123.5,-0.17659742,1.616694413666018,25
7.5,124.5,,1.616694413666018,25
7.5,125.5,,1.616694413666018,25
7.5,126.5,,1.616694413666018,25
7.5,127.5,-0.32868317,1.616694413666018,25
7.5,128.5,-0.29753688,1.616694413666018,25
7.5,129.5,-0.26999938,1.616694413666018,25
7.5,130.5,-0.34036797,1.616694413666018,25
7.5,131.5,-0.3629255,1.616694413666018,25
7.5,132.5,-0.36026466,1.616694413666018,25
7.5,133.5,-0.35402787,1.616694413666018,25
7.5,134.5,-0.34663028,1.616694413666018,25
7.5,135.5,-0.3360295,1.616694413666018,25
7.5,136.5,-0.32559645,1.616694413666018,25
7.5,137.5,-0.32038456,1.616694413666018,25
7.5,138.5,-0.32063267,1.616694413666018,25
7.5,139.5,-0.3233079,1.616694413666018,25
7.5,140.5,-0.32782254,1.616694413666018,25
7.5,141.5,-0.3321347,1.616694413666018,25
7.5,142.5,-0.33641335,1.616694413666018,25
7.5,143.5,-0.3403259,1.616694413666018,25
7.5,144.5,-0.34361666,1.616694413666018,25
7.5,145.5,-0.34580597,1.616694413666018,25
7.5,146.5,-0.34636384,1.616694413666018,25
7.5,147.5,-0.3453681,1.616694413666018,25
7.5,148.5,-0.34463912,1.616694413666018,25
7.5,149.5,-0.34639382,1.616694413666018,25
7.5,150.5,-0.34949845,1.616694413666018,25
7.5,151.5,-0.35093278,1.616694413666018,25
7.5,152.5,-0.34879673,1.616694413666018,25
7.5,153.5,-0.342803,1.616694413666018,25
7.5,154.5,-0.334206,1.616694413666018,25
7.5,155.5,-0.32454044,1.616694413666018,25
7.5,156.5,-0.3147438,1.616694413666018,25
7.5,157.5,-0.30595967,1.616694413666018,25
7.5,158.5,-0.29749522,1.616694413666018,25
7.5,159.5,-0.29127228,1.616694413666018,25
7.5,160.5,-0.28554952,1.616694413666018,25
7.5,161.5,-0.2799435,1.616694413666018,25
7.5,162.5,-0.27513507,1.616694413666018,25
7.5,163.5,-0.27189973,1.616694413666018,25
7.5,164.5,-0.2706163,1.616694413666018,25
7.5,165.5,-0.271036,1.616694413666018,25
7.5,166.5,-0.2722798,1.616694413666018,25
7.5,167.5,-0.27305982,1.616694413666018,25
7.5,168.5,-0.2714329,1.616694413666018,25
7.5,169.5,-0.26754943,1.616694413666018,25
7.5,170.5,-0.2610137,1.616694413666018,25
7.5,171.5,-0.2500781,1.616694413666018,25
7.5,172.5,-0.23414733,1.616694413666018,25
7.5,173.5,-0.21454468,1.616694413666018,25
7.5,174.5,-0.19415706,1.616694413666018,25
7.5,175.5,-0.17676638,1.616694413666018,25
7.5,176.5,-0.16254628,1.616694413666018,25
7.5,177.5,-0.15121154,1.616694413666018,25
7.5,178.5,-0.1377165,1.616694413666018,25
7.5,179.5,-0.12409952,1.616694413666018,25
7.5,180.5,-0.11199377,1.616694413666018,25
7.5,181.5,-0.10078859,1.616694413666018,25
7.5,182.5,-0.08863793,1.616694413666018,25
7.5,183.5,-0.07449865,1.616694413666018,25
7.5,184.5,-0.05909892,1.616694413666018,25
7.5,185.5,-0.04104575,1.616694413666018,25
7.5,186.5,-0.024932442,1.616694413666018,25
7.5,187.5,-0.009701996,1.616694413666018,25
7.5,188.5,0.003894739,1.616694413666018,25
7.5,189.5,0.016249923,1.616694413666018,25
7.5,190.5,0.028559037,1.616694413666018,25
7.5,191.5,0.041498337,1.616694413666018,25
7.5,192.5,0.05476405,1.616694413666018,25
7.5,193.5,0.069802694,1.616694413666018,25
7.5,194.5,0.08969791,1.616694413666018,25
7.5,195.5,0.109620914,1.616694413666018,25
7.5,196.5,0.12984748,1.616694413666018,25
7.5,197.5,0.14889488,1.616694413666018,25
7.5,198.5,0.16625279,1.616694413666018,25
7.5,199.5,0.18209983,1.616694413666018,25
7.5,200.5,0.19692028,1.616694413666018,25
7.5,201.5,0.21138626,1.616694413666018,25
7.5,202.5,0.22678165,1.616694413666018,25
7.5,203.5,0.24882169,1.616694413666018,25
7.5,204.5,0.27029,1.616694413666018,25
7.5,205.5,0.29169992,1.616694413666018,25
7.5,206.5,0.31119215,1.616694413666018,25
7.5,207.5,0.3262979,1.616694413666018,25
7.5,208.5,0.3357958,1.616694413666018,25
7.5,209.5,0.34031403,1.616694413666018,25
7.5,210.5,0.34219047,1.616694413666018,25
7.5,211.5,0.3450414,1.616694413666018,25
7.5,212.5,0.35446197,1.616694413666018,25
7.5,213.5,0.3654172,1.616694413666018,25
7.5,214.5,0.37458748,1.616694413666018,25
7.5,215.5,0.3816317,1.616694413666018,25
7.5,216.5,0.38876843,1.616694413666018,25
7.5,217.5,0.39843392,1.616694413666018,25
7.5,218.5,0.41150606,1.616694413666018,25
7.5,219.5,0.42626965,1.616694413666018,25
7.5,220.5,0.43860734,1.616694413666018,25
7.5,221.5,0.44667447,1.616694413666018,25
7.5,222.5,0.44919243,1.616694413666018,25
7.5,223.5,0.4483348,1.616694413666018,25
7.5,224.5,0.44586304,1.616694413666018,25
7.5,225.5,0.4426633,1.616694413666018,25
7.5,226.5,0.43906596,1.616694413666018,25
7.5,227.5,0.43515953,1.616694413666018,25
7.5,228.5,0.43089536,1.616694413666018,25
7.5,229.5,0.42583597,1.616694413666018,25
7.5,230.5,0.4182292,1.616694413666018,25
7.5,231.5,0.41026977,1.616694413666018,25
7.5,232.5,0.40332,1.616694413666018,25
7.5,233.5,0.39971375,1.616694413666018,25
7.5,234.5,0.3997619,1.616694413666018,25
7.5,235.5,0.40178704,1.616694413666018,25
7.5,236.5,0.40420482,1.616694413666018,25
7.5,237.5,0.40733567,1.616694413666018,25
7.5,238.5,0.41253844,1.616694413666018,25
7.5,239.5,0.42210534,1.616694413666018,25
7.5,240.5,0.43228695,1.616694413666018,25
7.5,241.5,0.44232523,1.616694413666018,25
7.5,242.5,0.45258874,1.616694413666018,25
7.5,243.5,0.463358,1.616694413666018,25
7.5,244.5,0.4752208,1.616694413666018,25
7.5,245.5,0.48829597,1.616694413666018,25
7.5,246.5,0.501992,1.616694413666018,25
7.5,247.5,0.5177669,1.616694413666018,25
7.5,248.5,0.53469485,1.616694413666018,25
7.5,249.5,0.5471707,1.616694413666018,25
7.5,250.5,0.5598922,1.616694413666018,25
7.5,251.5,0.5717263,1.616694413666018,25
7.5,252.5,0.5829204,1.616694413666018,25
7.5,253.5,0.5930761,1.616694413666018,25
7.5,254.5,0.6014067,1.616694413666018,25
7.5,255.5,0.60778,1.616694413666018,25
7.5,256.5,0.6127202,1.616694413666018,25
7.5,257.5,0.619403,1.616694413666018,25
7.5,258.5,0.62401867,1.616694413666018,25
7.5,259.5,0.6288875,1.616694413666018,25
7.5,260.5,0.6348397,1.616694413666018,25
7.5,261.5,0.6431282,1.616694413666018,25
7.5,262.5,0.65438133,1.616694413666018,25
7.5,263.5,0.6674973,1.616694413666018,25
7.5,264.5,0.6802828,1.616694413666018,25
7.5,265.5,0.69393057,1.616694413666018,25
7.5,266.5,0.70959014,1.616694413666018,25
7.5,267.5,0.7271566,1.616694413666018,25
7.5,268.5,0.74192804,1.616694413666018,25
7.5,269.5,0.7502374,1.616694413666018,25
7.5,270.5,0.7458674,1.616694413666018,25
7.5,271.5,0.7223794,1.616694413666018,25
7.5,272.5,0.67886806,1.616694413666018,25
7.5,273.5,0.6252904,1.616694413666018,25
7.5,274.5,0.58312917,1.616694413666018,25
7.5,275.5,0.54300135,1.616694413666018,25
7.5,276.5,0.51700807,1.616694413666018,25
7.5,277.5,0.48775056,1.616694413666018,25
7.5,278.5,0.46832857,1.616694413666018,25
7.5,279.5,0.43338767,1.616694413666018,25
7.5,280.5,0.40934503,1.616694413666018,25
7.5,281.5,0.39968964,1.616694413666018,25
7.5,282.5,,1.616694413666018,25
7.5,283.5,,1.616694413666018,25
7.5,284.5,,1.616694413666018,25
7.5,285.5,,1.616694413666018,25
7.5,286.5,,1.616694413666018,25
7.5,287.5,,1.616694413666018,25
7.5,288.5,,1.616694413666018,25
7.5,289.5,,1.616694413666018,25
8.5,120.5,-0.4095872,1.616694413666018,25
8.5,121.5,-0.41118813,1.616694413666018,25
8.5,122.5,-0.45506835,1.616694413666018,25
8.5,123.5,-0.49832004,1.616694413666018,25
8.5,124.5,,1.616694413666018,25
8.5,125.5,,1.616694413666018,25
8.5,126.5,,1.616694413666018,25
8.5,127.5,-0.3465734,1.616694413666018,25
8.5,128.5,-0.33671257,1.616694413666018,25
8.5,129.5,-0.31290358,1.616694413666018,25
8.5,130.5,-0.34567928,1.616694413666018,25
8.5,131.5,-0.36361635,1.616694413666018,25
8.5,132.5,-0.35827264,1.616694413666018,25
8.5,133.5,-0.34859464,1.616694413666018,25
8.5,134.5,-0.3390026,1.616694413666018,25
8.5,135.5,-0.3311556,1.616694413666018,25
8.5,136.5,-0.32723677,1.616694413666018,25
8.5,137.5,-0.32861796,1.616694413666018,25
8.5,138.5,-0.3337171,1.616694413666018,25
8.5,139.5,-0.33887115,1.616694413666018,25
8.5,140.5,-0.34109902,1.616694413666018,25
8.5,141.5,-0.3401151,1.616694413666018,25
8.5,142.5,-0.33807307,1.616694413666018,25
8.5,143.5,-0.33595693,1.616694413666018,25
8.5,144.5,-0.3347589,1.616694413666018,25
8.5,145.5,-0.3350511,1.616694413666018,25
8.5,146.5,-0.33618072,1.616694413666018,25
8.5,147.5,-0.33658135,1.616694413666018,25
8.5,148.5,-0.3370457,1.616694413666018,25
8.5,149.5,-0.3393903,1.616694413666018,25
8.5,150.5,-0.34173256,1.616694413666018,25
8.5,151.5,-0.34230474,1.616694413666018,25
8.5,152.5,-0.34066927,1.616694413666018,25
8.5,153.5,-0.33593452,1.616694413666018,25
8.5,154.5,-0.328146,1.616694413666018,25
8.5,155.5,-0.3182087,1.616694413666018,25
8.5,156.5,-0.30724838,1.616694413666018,25
8.5,157.5,-0.29670262,1.616694413666018,25
8.5,158.5,-0.2866215,1.616694413666018,25
8.5,159.5,-0.27848446,1.616694413666018,25
8.5,160.5,-0.270418,1.616694413666018,25
8.5,161.5,-0.26275864,1.616694413666018,25
8.5,162.5,-0.25608957,1.616694413666018,25
8.5,163.5,-0.25117016,1.616694413666018,25
8.5,164.5,-0.24893865,1.616694413666018,25
8.5,165.5,-0.2501544,1.616694413666018,25
8.5,166.5,-0.2546448,1.616694413666018,25
8.5,167.5,-0.2621559,1.616694413666018,25
8.5,168.5,-0.26706234,1.616694413666018,25
8.5,169.5,-0.26926044,1.616694413666018,25
8.5,170.5,-0.26916113,1.616694413666018,25
8.5,171.5,-0.26504892,1.616694413666018,25
8.5,172.5,-0.25461617,1.616694413666018,25
8.5,173.5,-0.23727946,1.616694413666018,25
8.5,174.5,-0.21600436,1.616694413666018,25
8.5,175.5,-0.19716044,1.616694413666018,25
8.5,176.5,-0.18587948,1.616694413666018,25
8.5,177.5,-0.1816612,1.616694413666018,25
8.5,178.5,-0.17516442,1.616694413666018,25
8.5,179.5,-0.16727795,1.616694413666018,25
8.5,180.5,-0.15947407,1.616694413666018,25
8.5,181.5,-0.15232597,1.616694413666018,25
8.5,182.5,-0.14540325,1.616694413666018,25
8.5,183.5,-0.1380365,1.616694413666018,25
8.5,184.5,-0.13048644,1.616694413666018,25
8.5,185.5,-0.120876044,1.616694413666018,25
8.5,186.5,-0.111452855,1.616694413666018,25
8.5,187.5,-0.10274779,1.616694413666018,25
8.5,188.5,-0.09575819,1.616694413666018,25
8.5,189.5,-0.088511914,1.616694413666018,25
8.5,190.5,-0.07973571,1.616694413666018,25
8.5,191.5,-0.07040202,1.616694413666018,25
8.5,192.5,-0.06278531,1.616694413666018,25
8.5,193.5,-0.05663717,1.616694413666018,25
8.5,194.5,-0.04923947,1.616694413666018,25
8.5,195.5,-0.038709696,1.616694413666018,25
8.5,196.5,-0.025436955,1.616694413666018,25
8.5,197.5,-0.012746353,1.616694413666018,25
8.5,198.5,-0.0027913665,1.616694413666018,25
8.5,199.5,0.00429903,1.616694413666018,25
8.5,200.5,0.010213843,1.616694413666018,25
8.5,201.5,0.017615281,1.616694413666018,25
8.5,202.5,0.02895752,1.616694413666018,25
8.5,203.5,0.047524616,1.616694413666018,25
8.5,204.5,0.06472594,1.616694413666018,25
8.5,205.5,0.07988398,1.616694413666018,25
8.5,206.5,0.09342998,1.616694413666018,25
8.5,207.5,0.104433976,1.616694413666018,25
8.5,208.5,0.11227367,1.616694413666018,25
8.5,209.5,0.11732879,1.616694413666018,25
8.5,210.5,0.12109039,1.616694413666018,25
8.5,211.5,0.12592952,1.616694413666018,25
8.5,212.5,0.13374606,1.616694413666018,25
8.5,213.5,0.14096707,1.616694413666018,25
8.5,214.5,0.14554328,1.616694413666018,25
8.5,215.5,0.14975083,1.616694413666018,25
8.5,216.5,0.15561451,1.616694413666018,25
8.5,217.5,0.16456643,1.616694413666018,25
8.5,218.5,0.17695358,1.616694413666018,25
8.5,219.5,0.19138245,1.616694413666018,25
8.5,220.5,0.2042261,1.616694413666018,25
8.5,221.5,0.21645235,1.616694413666018,25
8.5,222.5,0.22587441,1.616694413666018,25
8.5,223.5,0.2329751,1.616694413666018,25
8.5,224.5,0.23794864,1.616694413666018,25
8.5,225.5,0.24094357,1.616694413666018,25
8.5,226.5,0.24304329,1.616694413666018,25
8.5,227.5,0.24516174,1.616694413666018,25
8.5,228.5,0.2469041,1.616694413666018,25
8.5,229.5,0.24802795,1.616694413666018,25
8.5,230.5,0.24871849,1.616694413666018,25
8.5,231.5,0.24880089,1.616694413666018,25
8.5,232.5,0.25030738,1.616694413666018,25
8.5,233.5,0.2544802,1.616694413666018,25
8.5,234.5,0.2615072,1.616694413666018,25
8.5,235.5,0.27025822,1.616694413666018,25
8.5,236.5,0.27956924,1.616694413666018,25
8.5,237.5,0.2897125,1.616694413666018,25
8.5,238.5,0.3026223,1.616694413666018,25
8.5,239.5,0.31982535,1.616694413666018,25
8.5,240.5,0.33584905,1.616694413666018,25
8.5,241.5,0.35186836,1.616694413666018,25
8.5,242.5,0.36869895,1.616694413666018,25
8.5,243.5,0.3870025,1.616694413666018,25
8.5,244.5,0.40669197,1.616694413666018,25
8.5,245.5,0.42678702,1.616694413666018,25
8.5,246.5,0.4459917,1.616694413666018,25
8.5,247.5,0.46466798,1.616694413666018,25
8.5,248.5,0.48428974,1.616694413666018,25
8.5,249.5,0.49950835,1.616694413666018,25
8.5,250.5,0.51449114,1.616694413666018,25
8.5,251.5,0.5293906,1.616694413666018,25
8.5,252.5,0.54374206,1.616694413666018,25
8.5,253.5,0.55696404,1.616694413666018,25
8.5,254.5,0.56849307,1.616694413666018,25
8.5,255.5,0.577708,1.616694413666018,25
8.5,256.5,0.5837414,1.616694413666018,25
8.5,257.5,0.58606035,1.616694413666018,25
8.5,258.5,0.58526766,1.616694413666018,25
8.5,259.5,0.5843866,1.616694413666018,25
8.5,260.5,0.5826094,1.616694413666018,25
8.5,261.5,0.58180314,1.616694413666018,25
8.5,262.5,0.5846294,1.616694413666018,25
8.5,263.5,0.5929871,1.616694413666018,25
8.5,264.5,0.60796857,1.616694413666018,25
8.5,265.5,0.63237476,1.616694413666018,25
8.5,266.5,0.6706751,1.616694413666018,25
8.5,267.5,0.711601,1.616694413666018,25
8.5,268.5,0.7496147,1.616694413666018,25
8.5,269.5,0.7783345,1.616694413666018,25
8.5,270.5,0.78397757,1.616694413666018,25
8.5,271.5,0.7485302,1.616694413666018,25
8.5,272.5,0.6675777,1.616694413666018,25
8.5,273.5,0.56484365,1.616694413666018,25
8.5,274.5,0.48282665,1.616694413666018,25
8.5,275.5,0.4366777,1.616694413666018,25
8.5,276.5,,1.616694413666018,25
8.5,277.5,,1.616694413666018,25
8.5,278.5,,1.616694413666018,25
8.5,279.5,,1.616694413666018,25
8.5,280.5,,1.616694413666018,25
8.5,281.5,,1.616694413666018,25
8.5,282.5,,1.616694413666018,25
8.5,283.5,,1.616694413666018,25
8.5,284.5,,1.616694413666018,25
8.5,285.5,,1.616694413666018,25
8.5,286.5,,1.616694413666018,25
8.5,287.5,,1.616694413666018,25
8.5,288.5,,1.616694413666018,25
8.5,289.5,,1.616694413666018,25
9.5,120.5,-0.42703056,1.616694413666018,25
9.5,121.5,-0.4553646,1.616694413666018,25
9.5,122.5,-0.48089936,1.616694413666018,25
9.5,123.5,-0.50303864,1.616694413666018,25
9.5,124.5,-0.5414886,1.616694413666018,25
9.5,125.5,,1.616694413666018,25
9.5,126.5,,1.616694413666018,25
9.5,127.5,-0.3608236,1.616694413666018,25
9.5,128.5,-0.36920047,1.616694413666018,25
9.5,129.5,-0.35976937,1.616694413666018,25
9.5,130.5,-0.3663006,1.616694413666018,25
9.5,131.5,-0.3748039,1.616694413666018,25
9.5,132.5,-0.36966294,1.616694413666018,25
9.5,133.5,-0.36258993,1.616694413666018,25
9.5,134.5,-0.3575998,1.616694413666018,25
9.5,135.5,-0.35478073,1.616694413666018,25
9.5,136.5,-0.35406083,1.616694413666018,25
9.5,137.5,-0.35503113,1.616694413666018,25
9.5,138.5,-0.3558961,1.616694413666018,25
9.5,139.5,-0.3542737,1.616694413666018,25
9.5,140.5,-0.34760255,1.616694413666018,25
9.5,141.5,-0.33895347,1.616694413666018,25
9.5,142.5,-0.33052814,1.616694413666018,25
9.5,143.5,-0.32388064,1.616694413666018,25
9.5,144.5,-0.31962082,1.616694413666018,25
9.5,145.5,-0.31796622,1.616694413666018,25
9.5,146.5,-0.31813604,1.616694413666018,25
9.5,147.5,-0.31819212,1.616694413666018,25
9.5,148.5,-0.31760383,1.616694413666018,25
9.5,149.5,-0.31657687,1.616694413666018,25
9.5,150.5,-0.31521484,1.616694413666018,25
9.5,151.5,-0.31327987,1.616694413666018,25
9.5,152.5,-0.31040108,1.616694413666018,25
9.5,153.5,-0.30585015,1.616694413666018,25
9.5,154.5,-0.29901046,1.616694413666018,25
9.5,155.5,-0.2897901,1.616694413666018,25
9.5,156.5,-0.27880433,1.616694413666018,25
9.5,157.5,-0.26733392,1.616694413666018,25
9.5,158.5,-0.2554338,1.616694413666018,25
9.5,159.5,-0.2451364,1.616694413666018,25
9.5,160.5,-0.23468006,1.616694413666018,25
9.5,161.5,-0.22417122,1.616694413666018,25
9.5,162.5,-0.21455649,1.616694413666018,25
9.5,163.5,-0.20680153,1.616694413666018,25
9.5,164.5,-0.20217818,1.616694413666018,25
9.5,165.5,-0.20216368,1.616694413666018,25
9.5,166.5,-0.20670106,1.616694413666018,25
9.5,167.5,-0.21409798,1.616694413666018,25
9.5,168.5,-0.2185282,1.616694413666018,25
9.5,169.5,-0.22190844,1.616694413666018,25
9.5,170.5,-0.22501528,1.616694413666018,25
9.5,171.5,-0.2254018,1.616694413666018,25
9.5,172.5,-0.21931721,1.616694413666018,25
9.5,173.5,-0.20459366,1.616694413666018,25
9.5,174.5,-0.18332039,1.616694413666018,25
9.5,175.5,-0.16291709,1.616694413666018,25
9.5,176.5,-0.1516,1.616694413666018,25
9.5,177.5,-0.14886568,1.616694413666018,25
9.5,178.5,-0.1446707,1.616694413666018,25
9.5,179.5,-0.13873474,1.616694413666018,25
9.5,180.5,-0.13202108,1.616694413666018,25
9.5,181.5,-0.12562948,1.616694413666018,25
9.5,182.5,-0.11992994,1.616694413666018,25
9.5,183.5,-0.11430059,1.616694413666018,25
9.5,184.5,-0.10809363,1.616694413666018,25
9.5,185.5,-0.10064741,1.616694413666018,25
9.5,186.5,-0.09407806,1.616694413666018,25
9.5,187.5,-0.08899883,1.616694413666018,25
9.5,188.5,-0.08459483,1.616694413666018,25
9.5,189.5,-0.07783235,1.616694413666018,25
9.5,190.5,-0.068396606,1.616694413666018,25
9.5,191.5,-0.05939869,1.616694413666018,25
9.5,192.5,-0.054781113,1.616694413666018,25
9.5,193.5,-0.055036668,1.616694413666018,25
9.5,194.5,-0.05781702,1.616694413666018,25
9.5,195.5,-0.055931702,1.616694413666018,25
9.5,196.5,-0.049571276,1.616694413666018,25
9.5,197.5,-0.043006085,1.616694413666018,25
9.5,198.5,-0.03887454,1.616694413666018,25
9.5,199.5,-0.037531596,1.616694413666018,25
9.5,200.5,-0.037231646,1.616694413666018,25
9.5,201.5,-0.0346638,1.616694413666018,25
9.5,202.5,-0.025398254,1.616694413666018,25
9.5,203.5,-0.008485737,1.616694413666018,25
9.5,204.5,0.0050793933,1.616694413666018,25
9.5,205.5,0.013374538,1.616694413666018,25
9.5,206.5,0.017358655,1.616694413666018,25
9.5,207.5,0.018440742,1.616694413666018,25
9.5,208.5,0.018544512,1.616694413666018,25
9.5,209.5,0.019922944,1.616694413666018,25
9.5,210.5,0.024404706,1.616694413666018,25
9.5,211.5,0.031451777,1.616694413666018,25
9.5,212.5,0.039475832,1.616694413666018,25
9.5,213.5,0.044182714,1.616694413666018,25
9.5,214.5,0.04622304,1.616694413666018,25
9.5,215.5,0.048620425,1.616694413666018,25
9.5,216.5,0.053301048,1.616694413666018,25
9.5,217.5,0.061160363,1.616694413666018,25
9.5,218.5,0.07109157,1.616694413666018,25
9.5,219.5,0.07980378,1.616694413666018,25
9.5,220.5,0.084824845,1.616694413666018,25
9.5,221.5,0.08912141,1.616694413666018,25
9.5,222.5,0.094645865,1.616694413666018,25
9.5,223.5,0.10057428,1.616694413666018,25
9.5,224.5,0.10680956,1.616694413666018,25
9.5,225.5,0.11290679,1.616694413666018,25
9.5,226.5,0.11925476,1.616694413666018,25
9.5,227.5,0.1266137,1.616694413666018,25
9.5,228.5,0.1350262,1.616694413666018,25
9.5,229.5,0.14356989,1.616694413666018,25
9.5,230.5,0.15424822,1.616694413666018,25
9.5,231.5,0.16456245,1.616694413666018,25
9.5,232.5,0.17440474,1.616694413666018,25
9.5,233.5,0.1854139,1.616694413666018,25
9.5,234.5,0.19837818,1.616694413666018,25
9.5,235.5,0.21241963,1.616694413666018,25
9.5,236.5,0.22716863,1.616694413666018,25
9.5,237.5,0.24429058,1.616694413666018,25
9.5,238.5,0.26391602,1.616694413666018,25
9.5,239.5,0.2878534,1.616694413666018,25
9.5,240.5,0.30909827,1.616694413666018,25
9.5,241.5,0.32990974,1.616694413666018,25
9.5,242.5,0.35118392,1.616694413666018,25
9.5,243.5,0.37257287,1.616694413666018,25
9.5,244.5,0.3930051,1.616694413666018,25
9.5,245.5,0.41177952,1.616694413666018,25
9.5,246.5,0.42903113,1.616694413666018,25
9.5,247.5,0.44441712,1.616694413666018,25
9.5,248.5,0.45967337,1.616694413666018,25
9.5,249.5,0.47244272,1.616694413666018,25
9.5,250.5,0.4848587,1.616694413666018,25
9.5,251.5,0.4960195,1.616694413666018,25
9.5,252.5,0.50557894,1.616694413666018,25
9.5,253.5,0.5143001,1.616694413666018,25
9.5,254.5,0.52306277,1.616694413666018,25
9.5,255.5,0.5315264,1.616694413666018,25
9.5,256.5,0.53809005,1.616694413666018,25
9.5,257.5,0.54117143,1.616694413666018,25
9.5,258.5,0.540035,1.616694413666018,25
9.5,259.5,0.538196,1.616694413666018,25
9.5,260.5,0.53214675,1.616694413666018,25
9.5,261.5,0.5248595,1.616694413666018,25
9.5,262.5,0.5211677,1.616694413666018,25
9.5,263.5,0.5254508,1.616694413666018,25
9.5,264.5,0.5413251,1.616694413666018,25
9.5,265.5,0.57348174,1.616694413666018,25
9.5,266.5,0.6279461,1.616694413666018,25
9.5,267.5,0.6815134,1.616694413666018,25
9.5,268.5,0.7313978,1.616694413666018,25
9.5,269.5,0.76575637,1.616694413666018,25
9.5,270.5,0.76892364,1.616694413666018,25
9.5,271.5,0.7195571,1.616694413666018,25
9.5,272.5,0.61749995,1.616694413666018,25
9.5,273.5,0.50625247,1.616694413666018,25
9.5,274.5,0.45301628,1.616694413666018,25
9.5,275.5,,1.616694413666018,25
9.5,276.5,,1.616694413666018,25
9.5,277.5,0.14291823,1.616694413666018,25
9.5,278.5,0.14913289,1.616694413666018,25
9.5,279.5,0.15921539,1.616694413666018,25
9.5,280.5,0.17555267,1.616694413666018,25
9.5,281.5,0.20888548,1.616694413666018,25
9.5,282.5,0.22902367,1.616694413666018,25
9.5,283.5,0.2272731,1.616694413666018,25
9.5,284.5,,1.616694413666018,25
9.5,285.5,,1.616694413666018,25
9.5,286.5,,1.616694413666018,25
9.5,287.5,,1.616694413666018,25
9.5,288.5,,1.616694413666018,25
9.5,289.5,,1.616694413666018,25
10.5,120.5,-0.4051488,1.616694413666018,25
10.5,121.5,-0.43331587,1.616694413666018,25
10.5,122.5,-0.47357467,1.616694413666018,25
10.5,123.5,-0.38977823,1.616694413666018,25
10.5,124.5,-0.33258626,1.616694413666018,25
10.5,125.5,-0.32432443,1.616694413666018,25
10.5,126.5,-0.34906283,1.616694413666018,25
10.5,127.5,-0.3755381,1.616694413666018,25
10.5,128.5,-0.38639927,1.616694413666018,25
10.5,129.5,-0.385346,1.616694413666018,25
10.5,130.5,-0.38434437,1.616694413666018,25
10.5,131.5,-0.3903062,1.616694413666018,25
10.5,132.5,-0.3908758,1.616694413666018,25
10.5,133.5,-0.38878968,1.616694413666018,25
10.5,134.5,-0.3853453,1.616694413666018,25
10.5,135.5,-0.3803398,1.616694413666018,25
10.5,136.5,-0.3742114,1.616694413666018,25
10.5,137.5,-0.3672279,1.616694413666018,25
10.5,138.5,-0.35860664,1.616694413666018,25
10.5,139.5,-0.34848836,1.616694413666018,25
10.5,140.5,-0.33611515,1.616694413666018,25
10.5,141.5,-0.32552883,1.616694413666018,25
10.5,142.5,-0.31683505,1.616694413666018,25
10.5,143.5,-0.31053662,1.616694413666018,25
10.5,144.5,-0.30596066,1.616694413666018,25
10.5,145.5,-0.30251887,1.616694413666018,25
10.5,146.5,-0.29970104,1.616694413666018,25
10.5,147.5,-0.29687196,1.616694413666018,25
10.5,148.5,-0.2938877,1.616694413666018,25
10.5,149.5,-0.28959095,1.616694413666018,25
10.5,150.5,-0.28460315,1.616694413666018,25
10.5,151.5,-0.27922553,1.616694413666018,25
10.5,152.5,-0.2740991,1.616694413666018,25
10.5,153.5,-0.26871333,1.616694413666018,25
10.5,154.5,-0.26212618,1.616694413666018,25
10.5,155.5,-0.25358275,1.616694413666018,25
10.5,156.5,-0.24299382,1.616694413666018,25
10.5,157.5,-0.23120926,1.616694413666018,25
10.5,158.5,-0.21796715,1.616694413666018,25
10.5,159.5,-0.20640859,1.616694413666018,25
10.5,160.5,-0.19431427,1.616694413666018,25
10.5,161.5,-0.18274857,1.616694413666018,25
10.5,162.5,-0.1727953,1.616694413666018,25
10.5,163.5,-0.1654698,1.616694413666018,25
10.5,164.5,-0.16141826,1.616694413666018,25
10.5,165.5,-0.16061273,1.616694413666018,25
10.5,166.5,-0.16235363,1.616694413666018,25
10.5,167.5,-0.16485193,1.616694413666018,25
10.5,168.5,-0.16631295,1.616694413666018,25
10.5,169.5,-0.16798297,1.616694413666018,25
10.5,170.5,-0.16969292,1.616694413666018,25
10.5,171.5,-0.16897666,1.616694413666018,25
10.5,172.5,-0.16256872,1.616694413666018,25
10.5,173.5,-0.14887671,1.616694413666018,25
10.5,174.5,-0.13018988,1.616694413666018,25
10.5,175.5,-0.11301222,1.616694413666018,25
10.5,176.5,-0.10368544,1.616694413666018,25
10.5,177.5,-0.10016628,1.616694413666018,25
10.5,178.5,-0.09557518,1.616694413666018,25
10.5,179.5,-0.08883554,1.616694413666018,25
10.5,180.5,-0.08123969,1.616694413666018,25
10.5,181.5,-0.07384557,1.616694413666018,25
10.5,182.5,-0.06647547,1.616694413666018,25
10.5,183.5,-0.05843308,1.616694413666018,25
10.5,184.5,-0.050267316,1.616694413666018,25
10.5,185.5,-0.041365948,1.616694413666018,25
10.5,186.5,-0.033917055,1.616694413666018,25
10.5,187.5,-0.027432118,1.616694413666018,25
10.5,188.5,-0.020765629,1.616694413666018,25
10.5,189.5,-0.012041178,1.616694413666018,25
10.5,190.5,-0.0017797565,1.616694413666018,25
10.5,191.5,0.0065217493,1.616694413666018,25
10.5,192.5,0.008747053,1.616694413666018,25
10.5,193.5,0.005578661,1.616694413666018,25
10.5,194.5,-0.0013818359,1.616694413666018,25
10.5,195.5,-0.004070425,1.616694413666018,25
10.5,196.5,-0.0028972053,1.616694413666018,25
10.5,197.5,-0.0008288574,1.616694413666018,25
10.5,198.5,0.0004066181,1.616694413666018,25
10.5,199.5,0.00024617196,1.616694413666018,25
10.5,200.5,0.00020824432,1.616694413666018,25
10.5,201.5,0.003975525,1.616694413666018,25
10.5,202.5,0.014190359,1.616694413666018,25
10.5,203.5,0.0286271,1.616694413666018,25
10.5,204.5,0.03624713,1.616694413666018,25
10.5,205.5,0.03681842,1.616694413666018,25
10.5,206.5,0.032506675,1.616694413666018,25
10.5,207.5,0.026444368,1.616694413666018,25
10.5,208.5,0.022285195,1.616694413666018,25
10.5,209.5,0.022764511,1.616694413666018,25
10.5,210.5,0.028193684,1.616694413666018,25
10.5,211.5,0.036246374,1.616694413666018,25
10.5,212.5,0.04420969,1.616694413666018,25
10.5,213.5,0.04720722,1.616694413666018,25
10.5,214.5,0.048962407,1.616694413666018,25
10.5,215.5,0.051070526,1.616694413666018,25
10.5,216.5,0.054371566,1.616694413666018,25
10.5,217.5,0.05837984,1.616694413666018,25
10.5,218.5,0.06106024,1.616694413666018,25
10.5,219.5,0.059678115,1.616694413666018,25
10.5,220.5,0.053497057,1.616694413666018,25
10.5,221.5,0.04782869,1.616694413666018,25
10.5,222.5,0.047575478,1.616694413666018,25
10.5,223.5,0.04987546,1.616694413666018,25
10.5,224.5,0.054201104,1.616694413666018,25
10.5,225.5,0.06100421,1.616694413666018,25
10.5,226.5,0.07005374,1.616694413666018,25
10.5,227.5,0.08033724,1.616694413666018,25
10.5,228.5,0.09103703,1.616694413666018,25
10.5,229.5,0.10270378,1.616694413666018,25
10.5,230.5,0.117797114,1.616694413666018,25
10.5,231.5,0.13218848,1.616694413666018,25
10.5,232.5,0.14553627,1.616694413666018,25
10.5,233.5,0.1598523,1.616694413666018,25
10.5,234.5,0.17604151,1.616694413666018,25
10.5,235.5,0.19325227,1.616694413666018,25
10.5,236.5,0.21128212,1.616694413666018,25
10.5,237.5,0.23200145,1.616694413666018,25
10.5,238.5,0.25464094,1.616694413666018,25
10.5,239.5,0.28096354,1.616694413666018,25
10.5,240.5,0.3041932,1.616694413666018,25
10.5,241.5,0.32679772,1.616694413666018,25
10.5,242.5,0.34844083,1.616694413666018,25
10.5,243.5,0.3676826,1.616694413666018,25
10.5,244.5,0.38379005,1.616694413666018,25
10.5,245.5,0.39692643,1.616694413666018,25
10.5,246.5,0.40732515,1.616694413666018,25
10.5,247.5,0.41442627,1.616694413666018,25
10.5,248.5,0.42222294,1.616694413666018,25
10.5,249.5,0.4291015,1.616694413666018,25
10.5,250.5,0.43578613,1.616694413666018,25
10.5,251.5,0.44213635,1.616694413666018,25
10.5,252.5,0.44794264,1.616694413666018,25
10.5,253.5,0.45401698,1.616694413666018,25
10.5,254.5,0.46102685,1.616694413666018,25
10.5,255.5,0.46821418,1.616694413666018,25
10.5,256.5,0.4749121,1.616694413666018,25
10.5,257.5,0.48030224,1.616694413666018,25
10.5,258.5,0.48371944,1.616694413666018,25
10.5,259.5,0.48588988,1.616694413666018,25
10.5,260.5,0.48514464,1.616694413666018,25
10.5,261.5,0.48079446,1.616694413666018,25
10.5,262.5,0.47460595,1.616694413666018,25
10.5,263.5,0.4705151,1.616694413666018,25
10.5,264.5,0.4738186,1.616694413666018,25
10.5,265.5,0.49204132,1.616694413666018,25
10.5,266.5,0.53992575,1.616694413666018,25
10.5,267.5,0.5951296,1.616694413666018,25
10.5,268.5,0.64338166,1.616694413666018,25
10.5,269.5,0.67483085,1.616694413666018,25
10.5,270.5,0.6794718,1.616694413666018,25
10.5,271.5,0.6500201,1.616694413666018,25
10.5,272.5,0.5928495,1.616694413666018,25
10.5,273.5,0.5378663,1.616694413666018,25
10.5,274.5,,1.616694413666018,25
10.5,275.5,,1.616694413666018,25
10.5,276.5,0.16680041,1.616694413666018,25
10.5,277.5,0.16730976,1.616694413666018,25
10.5,278.5,0.16567373,1.616694413666018,25
10.5,279.5,0.16764618,1.616694413666018,25
10.5,280.5,0.17966045,1.616694413666018,25
10.5,281.5,0.20350967,1.616694413666018,25
10.5,282.5,0.23223664,1.616694413666018,25
10.5,283.5,0.24484417,1.616694413666018,25
10.5,284.5,,1.616694413666018,25
10.5,285.5,,1.616694413666018,25
10.5,286.5,,1.616694413666018,25
10.5,287.5,,1.616694413666018,25
10.5,288.5,,1.616694413666018,25
10.5,289.5,,1.616694413666018,25
11.5,120.5,-0.388279,1.616694413666018,25
11.5,121.5,-0.42535457,1.616694413666018,25
11.5,122.5,,1.616694413666018,25
11.5,123.5,-0.3933483,1.616694413666018,25
11.5,124.5,,1.616694413666018,25
11.5,125.5,-0.35392267,1.616694413666018,25
11.5,126.5,-0.3759644,1.616694413666018,25
11.5,127.5,-0.39211264,1.616694413666018,25
11.5,128.5,-0.39656448,1.616694413666018,25
11.5,129.5,-0.40012363,1.616694413666018,25
11.5,130.5,-0.40137962,1.616694413666018,25
11.5,131.5,-0.40706748,1.616694413666018,25
11.5,132.5,-0.40736184,1.616694413666018,25
11.5,133.5,-0.40366608,1.616694413666018,25
11.5,134.5,-0.39596176,1.616694413666018,25
11.5,135.5,-0.38507038,1.616694413666018,25
11.5,136.5,-0.37256053,1.616694413666018,25
11.5,137.5,-0.35954344,1.616694413666018,25
11.5,138.5,-0.34612674,1.616694413666018,25
11.5,139.5,-0.3334351,1.616694413666018,25
11.5,140.5,-0.32156086,1.616694413666018,25
11.5,141.5,-0.3132732,1.616694413666018,25
11.5,142.5,-0.305799,1.616694413666018,25
11.5,143.5,-0.2991529,1.616694413666018,25
11.5,144.5,-0.29297587,1.616694413666018,25
11.5,145.5,-0.28695226,1.616694413666018,25
11.5,146.5,-0.28099084,1.616694413666018,25
11.5,147.5,-0.27505752,1.616694413666018,25
11.5,148.5,-0.2684497,1.616694413666018,25
11.5,149.5,-0.25951776,1.616694413666018,25
11.5,150.5,-0.2519249,1.616694413666018,25
11.5,151.5,-0.24430856,1.616694413666018,25
11.5,152.5,-0.23734167,1.616694413666018,25
11.5,153.5,-0.23060411,1.616694413666018,25
11.5,154.5,-0.2232095,1.616694413666018,25
11.5,155.5,-0.21435969,1.616694413666018,25
11.5,156.5,-0.20390753,1.616694413666018,25
11.5,157.5,-0.1931438,1.616694413666018,25
11.5,158.5,-0.18083441,1.616694413666018,25
11.5,159.5,-0.1703615,1.616694413666018,25
11.5,160.5,-0.16003205,1.616694413666018,25
11.5,161.5,-0.15057135,1.616694413666018,25
11.5,162.5,-0.14260273,1.616694413666018,25
11.5,163.5,-0.13661423,1.616694413666018,25
11.5,164.5,-0.1325769,1.616694413666018,25
11.5,165.5,-0.1298303,1.616694413666018,25
11.5,166.5,-0.12785639,1.616694413666018,25
11.5,167.5,-0.12567621,1.616694413666018,25
11.5,168.5,-0.12405552,1.616694413666018,25
11.5,169.5,-0.122684814,1.616694413666018,25
11.5,170.5,-0.12089359,1.616694413666018,25
11.5,171.5,-0.11711141,1.616694413666018,25
11.5,172.5,-0.109452285,1.616694413666018,25
11.5,173.5,-0.09737854,1.616694413666018,25
11.5,174.5,-0.08317555,1.616694413666018,25
11.5,175.5,-0.071533486,1.616694413666018,25
11.5,176.5,-0.064895876,1.616694413666018,25
11.5,177.5,-0.060798794,1.616694413666018,25
11.5,178.5,-0.054916847,1.616694413666018,25
11.5,179.5,-0.04607477,1.616694413666018,25
11.5,180.5,-0.035539392,1.616694413666018,25
11.5,181.5,-0.025051007,1.616694413666018,25
11.5,182.5,-0.015433283,1.616694413666018,25
11.5,183.5,-0.0061607645,1.616694413666018,25
11.5,184.5,0.0036124228,1.616694413666018,25
11.5,185.5,0.016017064,1.616694413666018,25
11.5,186.5,0.028327893,1.616694413666018,25
11.5,187.5,0.04029008,1.616694413666018,25
11.5,188.5,0.050860982,1.616694413666018,25
11.5,189.5,0.06082497,1.616694413666018,25
11.5,190.5,0.06983681,1.616694413666018,25
11.5,191.5,0.07584639,1.616694413666018,25
11.5,192.5,0.07677391,1.616694413666018,25
11.5,193.5,0.074495494,1.616694413666018,25
11.5,194.5,0.07040818,1.616694413666018,25
11.5,195.5,0.06819598,1.616694413666018,25
11.5,196.5,0.06773999,1.616694413666018,25
11.5,197.5,0.06863709,1.616694413666018,25
11.5,198.5,0.07021951,1.616694413666018,25
11.5,199.5,0.0722289,1.616694413666018,25
11.5,200.5,0.07543621,1.616694413666018,25
11.5,201.5,0.08139225,1.616694413666018,25
11.5,202.5,0.08980362,1.616694413666018,25
11.5,203.5,0.09597938,1.616694413666018,25
11.5,204.5,0.09533258,1.616694413666018,25
11.5,205.5,0.09084504,1.616694413666018,25
11.5,206.5,0.08565382,1.616694413666018,25
11.5,207.5,0.08186139,1.616694413666018,25
11.5,208.5,0.08101021,1.616694413666018,25
11.5,209.5,0.08376791,1.616694413666018,25
11.5,210.5,0.08940094,1.616694413666018,25
11.5,211.5,0.095998414,1.616694413666018,25
11.5,212.5,0.10205721,1.616694413666018,25
11.5,213.5,0.10417959,1.616694413666018,25
11.5,214.5,0.10558594,1.616694413666018,25
11.5,215.5,0.10673317,1.616694413666018,25
11.5,216.5,0.107199386,1.616694413666018,25
11.5,217.5,0.10521814,1.616694413666018,25
11.5,218.5,0.099063605,1.616694413666018,25
11.5,219.5,0.08889857,1.616694413666018,25
11.5,220.5,0.07692411,1.616694413666018,25
11.5,221.5,0.06903908,1.616694413666018,25
11.5,222.5,0.06823984,1.616694413666018,25
11.5,223.5,0.06945585,1.616694413666018,25
11.5,224.5,0.07290245,1.616694413666018,25
11.5,225.5,0.07833736,1.616694413666018,25
11.5,226.5,0.08496961,1.616694413666018,25
11.5,227.5,0.0920027,1.616694413666018,25
11.5,228.5,0.09917989,1.616694413666018,25
11.5,229.5,0.10683629,1.616694413666018,25
11.5,230.5,0.11718538,1.616694413666018,25
11.5,231.5,0.12760882,1.616694413666018,25
11.5,232.5,0.13915187,1.616694413666018,25
11.5,233.5,0.15374774,1.616694413666018,25
11.5,234.5,0.17021601,1.616694413666018,25
11.5,235.5,0.18738933,1.616694413666018,25
11.5,236.5,0.20560992,1.616694413666018,25
11.5,237.5,0.22597699,1.616694413666018,25
11.5,238.5,0.24750128,1.616694413666018,25
11.5,239.5,0.27150014,1.616694413666018,25
11.5,240.5,0.2929434,1.616694413666018,25
11.5,241.5,0.313589,1.616694413666018,25
11.5,242.5,0.33128738,1.616694413666018,25
11.5,243.5,0.34551528,1.616694413666018,25
11.5,244.5,0.3559359,1.616694413666018,25
11.5,245.5,0.36253121,1.616694413666018,25
11.5,246.5,0.36621466,1.616694413666018,25
11.5,247.5,0.3676686,1.616694413666018,25
11.5,248.5,0.37026346,1.616694413666018,25
11.5,249.5,0.3731508,1.616694413666018,25
11.5,250.5,0.37643027,1.616694413666018,25
11.5,251.5,0.38025308,1.616694413666018,25
11.5,252.5,0.38433397,1.616694413666018,25
11.5,253.5,0.38814217,1.616694413666018,25
11.5,254.5,0.39111146,1.616694413666018,25
11.5,255.5,0.39307022,1.616694413666018,25
11.5,256.5,0.39491555,1.616694413666018,25
11.5,257.5,0.3984641,1.616694413666018,25
11.5,258.5,0.4058639,1.616694413666018,25
11.5,259.5,0.41995767,1.616694413666018,25
11.5,260.5,0.44022474,1.616694413666018,25
11.5,261.5,0.4593116,1.616694413666018,25
11.5,262.5,0.46691218,1.616694413666018,25
11.5,263.5,0.45765305,1.616694413666018,25
11.5,264.5,0.4377843,1.616694413666018,25
11.5,265.5,0.42354974,1.616694413666018,25
11.5,266.5,0.4409526,1.616694413666018,25
11.5,267.5,0.484235,1.616694413666018,25
11.5,268.5,0.5339277,1.616694413666018,25
11.5,269.5,0.5739167,1.616694413666018,25
11.5,270.5,0.599933,1.616694413666018,25
11.5,271.5,0.61529964,1.616694413666018,25
11.5,272.5,0.6217207,1.616694413666018,25
11.5,273.5,0.61674374,1.616694413666018,25
11.5,274.5,,1.616694413666018,25
11.5,275.5,,1.616694413666018,25
11.5,276.5,0.17658505,1.616694413666018,25
11.5,277.5,0.17126049,1.616694413666018,25
11.5,278.5,0.16295606,1.616694413666018,25
11.5,279.5,0.16154636,1.616694413666018,25
11.5,280.5,0.16961712,1.616694413666018,25
11.5,281.5,0.1856814,1.616694413666018,25
11.5,282.5,0.21014038,1.616694413666018,25
11.5,283.5,0.23271587,1.616694413666018,25
11.5,284.5,0.25678456,1.616694413666018,25
11.5,285.5,0.25457644,1.616694413666018,25
11.5,286.5,0.20564514,1.616694413666018,25
11.5,287.5,,1.616694413666018,25
11.5,288.5,,1.616694413666018,25
11.5,289.5,,1.616694413666018,25
12.5,120.5,-0.3842634,1.616694413666018,25
12.5,121.5,-0.43046096,1.616694413666018,25
12.5,122.5,-0.44247,1.616694413666018,25
12.5,123.5,-0.45934704,1.616694413666018,25
12.5,124.5,,1.616694413666018,25
12.5,125.5,-0.3669161,1.616694413666018,25
12.5,126.5,-0.38110933,1.616694413666018,25
12.5,127.5,-0.3965409,1.616694413666018,25
12.5,128.5,-0.40061414,1.616694413666018,25
12.5,129.5,-0.40573436,1.616694413666018,25
12.5,130.5,-0.4095744,1.616694413666018,25
12.5,131.5,-0.41082793,1.616694413666018,25
12.5,132.5,-0.4066948,1.616694413666018,25
12.5,133.5,-0.3987015,1.616694413666018,25
12.5,134.5,-0.38709986,1.616694413666018,25
12.5,135.5,-0.3731113,1.616694413666018,25
12.5,136.5,-0.35885057,1.616694413666018,25
12.5,137.5,-0.34559593,1.616694413666018,25
12.5,138.5,-0.33302134,1.616694413666018,25
12.5,139.5,-0.32216418,1.616694413666018,25
12.5,140.5,-0.3130704,1.616694413666018,25
12.5,141.5,-0.30612704,1.616694413666018,25
12.5,142.5,-0.29830092,1.616694413666018,25
12.5,143.5,-0.2896822,1.616694413666018,25
12.5,144.5,-0.28095943,1.616694413666018,25
12.5,145.5,-0.2723055,1.616694413666018,25
12.5,146.5,-0.2634021,1.616694413666018,25
12.5,147.5,-0.25393957,1.616694413666018,25
12.5,148.5,-0.2437354,1.616694413666018,25
12.5,149.5,-0.23227121,1.616694413666018,25
12.5,150.5,-0.22302246,1.616694413666018,25
12.5,151.5,-0.2140738,1.616694413666018,25
12.5,152.5,-0.20574598,1.616694413666018,25
12.5,153.5,-0.1976761,1.616694413666018,25
12.5,154.5,-0.18938915,1.616694413666018,25
12.5,155.5,-0.18046142,1.616694413666018,25
12.5,156.5,-0.17086153,1.616694413666018,25
12.5,157.5,-0.16211773,1.616694413666018,25
12.5,158.5,-0.15287118,1.616694413666018,25
12.5,159.5,-0.1447424,1.616694413666018,25
12.5,160.5,-0.13673839,1.616694413666018,25
12.5,161.5,-0.12914836,1.616694413666018,25
12.5,162.5,-0.1223759,1.616694413666018,25
12.5,163.5,-0.11665252,1.616694413666018,25
12.5,164.5,-0.11181633,1.616694413666018,25
12.5,165.5,-0.10749993,1.616694413666018,25
12.5,166.5,-0.10410851,1.616694413666018,25
12.5,167.5,-0.10064649,1.616694413666018,25
12.5,168.5,-0.09775243,1.616694413666018,25
12.5,169.5,-0.09429781,1.616694413666018,25
12.5,170.5,-0.08931574,1.616694413666018,25
12.5,171.5,-0.08256462,1.616694413666018,25
12.5,172.5,-0.07385592,1.616694413666018,25
12.5,173.5,-0.06362536,1.616694413666018,25
12.5,174.5,-0.053568654,1.616694413666018,25
12.5,175.5,-0.04590489,1.616694413666018,25
12.5,176.5,-0.040121414,1.616694413666018,25
12.5,177.5,-0.034601964,1.616694413666018,25
12.5,178.5,-0.026753569,1.616694413666018,25
12.5,179.5,-0.016152544,1.616694413666018,25
12.5,180.5,-0.0039432906,1.616694413666018,25
12.5,181.5,0.008243151,1.616694413666018,25
12.5,182.5,0.0195371,1.616694413666018,25
12.5,183.5,0.030592881,1.616694413666018,25
12.5,184.5,0.043227635,1.616694413666018,25
12.5,185.5,0.059779275,1.616694413666018,25
12.5,186.5,0.07555375,1.616694413666018,25
12.5,187.5,0.08957058,1.616694413666018,25
12.5,188.5,0.10091205,1.616694413666018,25
12.5,189.5,0.11056265,1.616694413666018,25
12.5,190.5,0.11900995,1.616694413666018,25
12.5,191.5,0.12564963,1.616694413666018,25
12.5,192.5,0.12965769,1.616694413666018,25
12.5,193.5,0.13195977,1.616694413666018,25
12.5,194.5,0.1340628,1.616694413666018,25
12.5,195.5,0.1354085,1.616694413666018,25
12.5,196.5,0.13733843,1.616694413666018,25
12.5,197.5,0.14083438,1.616694413666018,25
12.5,198.5,0.14531192,1.616694413666018,25
12.5,199.5,0.1495975,1.616694413666018,25
12.5,200.5,0.15334335,1.616694413666018,25
12.5,201.5,0.15732796,1.616694413666018,25
12.5,202.5,0.16001713,1.616694413666018,25
12.5,203.5,0.15931417,1.616694413666018,25
12.5,204.5,0.1559239,1.616694413666018,25
12.5,205.5,0.15236616,1.616694413666018,25
12.5,206.5,0.1504556,1.616694413666018,25
12.5,207.5,0.15071097,1.616694413666018,25
12.5,208.5,0.15282863,1.616694413666018,25
12.5,209.5,0.1561929,1.616694413666018,25
12.5,210.5,0.16024439,1.616694413666018,25
12.5,211.5,0.1643506,1.616694413666018,25
12.5,212.5,0.16810453,1.616694413666018,25
12.5,213.5,0.16905083,1.616694413666018,25
12.5,214.5,0.1689691,1.616694413666018,25
12.5,215.5,0.16819994,1.616694413666018,25
12.5,216.5,0.16568328,1.616694413666018,25
12.5,217.5,0.16040182,1.616694413666018,25
12.5,218.5,0.1523051,1.616694413666018,25
12.5,219.5,0.14258035,1.616694413666018,25
12.5,220.5,0.13358422,1.616694413666018,25
12.5,221.5,0.12946852,1.616694413666018,25
12.5,222.5,0.12936172,1.616694413666018,25
12.5,223.5,0.12886547,1.616694413666018,25
12.5,224.5,0.12912987,1.616694413666018,25
12.5,225.5,0.12963395,1.616694413666018,25
12.5,226.5,0.12996839,1.616694413666018,25
12.5,227.5,0.13057762,1.616694413666018,25
12.5,228.5,0.13213319,1.616694413666018,25
12.5,229.5,0.13395451,1.616694413666018,25
12.5,230.5,0.13679554,1.616694413666018,25
12.5,231.5,0.14130825,1.616694413666018,25
12.5,232.5,0.14846559,1.616694413666018,25
12.5,233.5,0.15884623,1.616694413666018,25
12.5,234.5,0.17154257,1.616694413666018,25
12.5,235.5,0.1853441,1.616694413666018,25
12.5,236.5,0.19993025,1.616694413666018,25
12.5,237.5,0.21591876,1.616694413666018,25
12.5,238.5,0.23231593,1.616694413666018,25
12.5,239.5,0.25015336,1.616694413666018,25
12.5,240.5,0.26629534,1.616694413666018,25
12.5,241.5,0.28126174,1.616694413666018,25
12.5,242.5,0.29366484,1.616694413666018,25
12.5,243.5,0.30285916,1.616694413666018,25
12.5,244.5,0.30870694,1.616694413666018,25
12.5,245.5,0.31182396,1.616694413666018,25
12.5,246.5,0.31356132,1.616694413666018,25
12.5,247.5,0.31419381,1.616694413666018,25
12.5,248.5,0.3143058,1.616694413666018,25
12.5,249.5,0.31576934,1.616694413666018,25
12.5,250.5,0.3183707,1.616694413666018,25
12.5,251.5,0.32155895,1.616694413666018,25
12.5,252.5,0.32464874,1.616694413666018,25
12.5,253.5,0.32651913,1.616694413666018,25
12.5,254.5,0.32607225,1.616694413666018,25
12.5,255.5,0.32302907,1.616694413666018,25
12.5,256.5,0.31865513,1.616694413666018,25
12.5,257.5,0.31375065,1.616694413666018,25
12.5,258.5,0.3116152,1.616694413666018,25
12.5,259.5,0.32040647,1.616694413666018,25
12.5,260.5,0.35067314,1.616694413666018,25
12.5,261.5,0.40420952,1.616694413666018,25
12.5,262.5,0.46134812,1.616694413666018,25
12.5,263.5,0.4873652,1.616694413666018,25
12.5,264.5,0.45765105,1.616694413666018,25
12.5,265.5,0.4036834,1.616694413666018,25
12.5,266.5,0.37488544,1.616694413666018,25
12.5,267.5,0.39017704,1.616694413666018,25
12.5,268.5,0.4348841,1.616694413666018,25
12.5,269.5,0.48476082,1.616694413666018,25
12.5,270.5,0.53321147,1.616694413666018,25
12.5,271.5,0.592448,1.616694413666018,25
12.5,272.5,0.6480243,1.616694413666018,25
12.5,273.5,,1.616694413666018,25
12.5,274.5,,1.616694413666018,25
12.5,275.5,,1.616694413666018,25
12.5,276.5,0.19798355,1.616694413666018,25
12.5,277.5,0.17696106,1.616694413666018,25
12.5,278.5,0.15546247,1.616694413666018,25
12.5,279.5,0.14186567,1.616694413666018,25
12.5,280.5,0.13645157,1.616694413666018,25
12.5,281.5,0.13829651,1.616694413666018,25
12.5,282.5,0.1480869,1.616694413666018,25
12.5,283.5,0.15993822,1.616694413666018,25
12.5,284.5,0.16912319,1.616694413666018,25
12.5,285.5,0.16363476,1.616694413666018,25
12.5,286.5,0.1367472,1.616694413666018,25
12.5,287.5,0.10452581,1.616694413666018,25
12.5,288.5,0.0828948,1.616694413666018,25
12.5,289.5,0.081638,1.616694413666018,25
13.5,120.5,-0.35559127,1.616694413666018,25
13.5,121.5,-0.38087708,1.616694413666018,25
13.5,122.5,-0.38572612,1.616694413666018,25
13.5,123.5,-0.43337274,1.616694413666018,25
13.5,124.5,,1.616694413666018,25
13.5,125.5,-0.35156342,1.616694413666018,25
13.5,126.5,-0.3790836,1.616694413666018,25
13.5,127.5,-0.3958834,1.616694413666018,25
13.5,128.5,-0.3991961,1.616694413666018,25
13.5,129.5,-0.40348643,1.616694413666018,25
13.5,130.5,-0.4055794,1.616694413666018,25
13.5,131.5,-0.4031662,1.616694413666018,25
13.5,132.5,-0.39627755,1.616694413666018,25
13.5,133.5,-0.38564274,1.616694413666018,25
13.5,134.5,-0.37249377,1.616694413666018,25
13.5,135.5,-0.35813674,1.616694413666018,25
13.5,136.5,-0.34447613,1.616694413666018,25
13.5,137.5,-0.33269545,1.616694413666018,25
13.5,138.5,-0.3224189,1.616694413666018,25
13.5,139.5,-0.31376708,1.616694413666018,25
13.5,140.5,-0.305554,1.616694413666018,25
13.5,141.5,-0.2981671,1.616694413666018,25
13.5,142.5,-0.28983107,1.616694413666018,25
13.5,143.5,-0.28049454,1.616694413666018,25
13.5,144.5,-0.2705689,1.616694413666018,25
13.5,145.5,-0.26030216,1.616694413666018,25
13.5,146.5,-0.24981497,1.616694413666018,25
13.5,147.5,-0.2392413,1.616694413666018,25
13.5,148.5,-0.22795069,1.616694413666018,25
13.5,149.5,-0.21505564,1.616694413666018,25
13.5,150.5,-0.20468612,1.616694413666018,25
13.5,151.5,-0.19499801,1.616694413666018,25
13.5,152.5,-0.18573715,1.616694413666018,25
13.5,153.5,-0.17685406,1.616694413666018,25
13.5,154.5,-0.168146,1.616694413666018,25
13.5,155.5,-0.15944654,1.616694413666018,25
13.5,156.5,-0.15099292,1.616694413666018,25
13.5,157.5,-0.14354718,1.616694413666018,25
13.5,158.5,-0.1366066,1.616694413666018,25
13.5,159.5,-0.12948284,1.616694413666018,25
13.5,160.5,-0.121876374,1.616694413666018,25
13.5,161.5,-0.114680566,1.616694413666018,25
13.5,162.5,-0.10863923,1.616694413666018,25
13.5,163.5,-0.10384842,1.616694413666018,25
13.5,164.5,-0.10008621,1.616694413666018,25
13.5,165.5,-0.097371034,1.616694413666018,25
13.5,166.5,-0.09569654,1.616694413666018,25
13.5,167.5,-0.09341478,1.616694413666018,25
13.5,168.5,-0.09029713,1.616694413666018,25
13.5,169.5,-0.08591236,1.616694413666018,25
13.5,170.5,-0.07984145,1.616694413666018,25
13.5,171.5,-0.072227195,1.616694413666018,25
13.5,172.5,-0.063472964,1.616694413666018,25
13.5,173.5,-0.054334383,1.616694413666018,25
13.5,174.5,-0.04595561,1.616694413666018,25
13.5,175.5,-0.039130557,1.616694413666018,25
13.5,176.5,-0.032701187,1.616694413666018,25
13.5,177.5,-0.026364831,1.616694413666018,25
13.5,178.5,-0.018514633,1.616694413666018,25
13.5,179.5,-0.008980665,1.616694413666018,25
13.5,180.5,0.002435112,1.616694413666018,25
13.5,181.5,0.015211401,1.616694413666018,25
13.5,182.5,0.028595958,1.616694413666018,25
13.5,183.5,0.04236829,1.616694413666018,25
13.5,184.5,0.05722282,1.616694413666018,25
13.5,185.5,0.075129345,1.616694413666018,25
13.5,186.5,0.09075484,1.616694413666018,25
13.5,187.5,0.10447773,1.616694413666018,25
13.5,188.5,0.11630979,1.616694413666018,25
13.5,189.5,0.12701309,1.616694413666018,25
13.5,190.5,0.13697511,1.616694413666018,25
13.5,191.5,0.14602377,1.616694413666018,25
13.5,192.5,0.15402342,1.616694413666018,25
13.5,193.5,0.16153146,1.616694413666018,25
13.5,194.5,0.17036465,1.616694413666018,25
13.5,195.5,0.17884797,1.616694413666018,25
13.5,196.5,0.18685035,1.616694413666018,25
13.5,197.5,0.19410406,1.616694413666018,25
13.5,198.5,0.19978666,1.616694413666018,25
13.5,199.5,0.20353855,1.616694413666018,25
13.5,200.5,0.20580257,1.616694413666018,25
13.5,201.5,0.2073083,1.616694413666018,25
13.5,202.5,0.20726776,1.616694413666018,25
13.5,203.5,0.20583056,1.616694413666018,25
13.5,204.5,0.20534924,1.616694413666018,25
13.5,205.5,0.20546852,1.616694413666018,25
13.5,206.5,0.20623773,1.616694413666018,25
13.5,207.5,0.20779952,1.616694413666018,25
13.5,208.5,0.21005031,1.616694413666018,25
13.5,209.5,0.21250695,1.616694413666018,25
13.5,210.5,0.21448696,1.616694413666018,25
13.5,211.5,0.21581273,1.616694413666018,25
13.5,212.5,0.21720295,1.616694413666018,25
13.5,213.5,0.2173545,1.616694413666018,25
13.5,214.5,0.21619354,1.616694413666018,25
13.5,215.5,0.21454711,1.616694413666018,25
13.5,216.5,0.21193232,1.616694413666018,25
13.5,217.5,0.20809276,1.616694413666018,25
13.5,218.5,0.20334728,1.616694413666018,25
13.5,219.5,0.1980601,1.616694413666018,25
13.5,220.5,0.1928238,1.616694413666018,25
13.5,221.5,0.18939507,1.616694413666018,25
13.5,222.5,0.18755445,1.616694413666018,25
13.5,223.5,0.18499464,1.616694413666018,25
13.5,224.5,0.18198654,1.616694413666018,25
13.5,225.5,0.17837279,1.616694413666018,25
13.5,226.5,0.17414995,1.616694413666018,25
13.5,227.5,0.16987996,1.616694413666018,25
13.5,228.5,0.16639253,1.616694413666018,25
13.5,229.5,0.16258417,1.616694413666018,25
13.5,230.5,0.16048682,1.616694413666018,25
13.5,231.5,0.16088787,1.616694413666018,25
13.5,232.5,0.162405,1.616694413666018,25
13.5,233.5,0.16617016,1.616694413666018,25
13.5,234.5,0.1722588,1.616694413666018,25
13.5,235.5,0.17969364,1.616694413666018,25
13.5,236.5,0.18781936,1.616694413666018,25
13.5,237.5,0.19714111,1.616694413666018,25
13.5,238.5,0.20668343,1.616694413666018,25
13.5,239.5,0.2170056,1.616694413666018,25
13.5,240.5,0.22700444,1.616694413666018,25
13.5,241.5,0.23695226,1.616694413666018,25
13.5,242.5,0.24487677,1.616694413666018,25
13.5,243.5,0.24982968,1.616694413666018,25
13.5,244.5,0.25203267,1.616694413666018,25
13.5,245.5,0.25232372,1.616694413666018,25
13.5,246.5,0.2514902,1.616694413666018,25
13.5,247.5,0.25059178,1.616694413666018,25
13.5,248.5,0.2519941,1.616694413666018,25
13.5,249.5,0.253504,1.616694413666018,25
13.5,250.5,0.2546912,1.616694413666018,25
13.5,251.5,0.2564637,1.616694413666018,25
13.5,252.5,0.2581273,1.616694413666018,25
13.5,253.5,0.259428,1.616694413666018,25
13.5,254.5,0.26042256,1.616694413666018,25
13.5,255.5,0.26071957,1.616694413666018,25
13.5,256.5,0.25956655,1.616694413666018,25
13.5,257.5,0.25767437,1.616694413666018,25
13.5,258.5,0.25328436,1.616694413666018,25
13.5,259.5,0.24689089,1.616694413666018,25
13.5,260.5,0.25533757,1.616694413666018,25
13.5,261.5,0.30958778,1.616694413666018,25
13.5,262.5,0.41394073,1.616694413666018,25
13.5,263.5,0.5162252,1.616694413666018,25
13.5,264.5,0.5253362,1.616694413666018,25
13.5,265.5,0.44357926,1.616694413666018,25
13.5,266.5,0.37759548,1.616694413666018,25
13.5,267.5,0.38039032,1.616694413666018,25
13.5,268.5,0.42690408,1.616694413666018,25
13.5,269.5,0.49866354,1.616694413666018,25
13.5,270.5,0.5460562,1.616694413666018,25
13.5,271.5,,1.616694413666018,25
13.5,272.5,,1.616694413666018,25
13.5,273.5,,1.616694413666018,25
13.5,274.5,,1.616694413666018,25
13.5,275.5,,1.616694413666018,25
13.5,276.5,0.21827455,1.616694413666018,25
13.5,277.5,0.18799461,1.616694413666018,25
13.5,278.5,0.15467557,1.616694413666018,25
13.5,279.5,0.12845889,1.616694413666018,25
13.5,280.5,0.11330622,1.616694413666018,25
13.5,281.5,0.10945351,1.616694413666018,25
13.5,282.5,0.11099229,1.616694413666018,25
13.5,283.5,0.111185886,1.616694413666018,25
13.5,284.5,0.11339608,1.616694413666018,25
13.5,285.5,0.114231646,1.616694413666018,25
13.5,286.5,0.112500876,1.616694413666018,25
13.5,287.5,0.109734036,1.616694413666018,25
13.5,288.5,0.10847268,1.616694413666018,25
13.5,289.5,0.109994486,1.616694413666018,25
14.5,120.5,-0.33402243,1.616694413666018,25
14.5,121.5,,1.616694413666018,25
14.5,122.5,-0.21402985,1.616694413666018,25
14.5,123.5,-0.2518681,1.616694413666018,25
14.5,124.5,-0.298348,1.616694413666018,25
14.5,125.5,-0.3430452,1.616694413666018,25
14.5,126.5,-0.37409765,1.616694413666018,25
14.5,127.5,-0.3883335,1.616694413666018,25
14.5,128.5,-0.3919233,1.616694413666018,25
14.5,129.5,-0.39482427,1.616694413666018,25
14.5,130.5,-0.3953246,1.616694413666018,25
14.5,131.5,-0.3919428,1.616694413666018,25
14.5,132.5,-0.38519165,1.616694413666018,25
14.5,133.5,-0.3747384,1.616694413666018,25
14.5,134.5,-0.3613967,1.616694413666018,25
14.5,135.5,-0.34733936,1.616694413666018,25
14.5,136.5,-0.33430684,1.616694413666018,25
14.5,137.5,-0.32301712,1.616694413666018,25
14.5,138.5,-0.3133445,1.616694413666018,25
14.5,139.5,-0.30494297,1.616694413666018,25
14.5,140.5,-0.29707444,1.616694413666018,25
14.5,141.5,-0.28986558,1.616694413666018,25
14.5,142.5,-0.28181672,1.616694413666018,25
14.5,143.5,-0.27314892,1.616694413666018,25
14.5,144.5,-0.26390365,1.616694413666018,25
14.5,145.5,-0.25416866,1.616694413666018,25
14.5,146.5,-0.24427831,1.616694413666018,25
14.5,147.5,-0.23460466,1.616694413666018,25
14.5,148.5,-0.22425023,1.616694413666018,25
14.5,149.5,-0.2120836,1.616694413666018,25
14.5,150.5,-0.2018848,1.616694413666018,25
14.5,151.5,-0.19135362,1.616694413666018,25
14.5,152.5,-0.18045528,1.616694413666018,25
14.5,153.5,-0.16984236,1.616694413666018,25
14.5,154.5,-0.15989125,1.616694413666018,25
14.5,155.5,-0.15093704,1.616694413666018,25
14.5,156.5,-0.14357364,1.616694413666018,25
14.5,157.5,-0.13745092,1.616694413666018,25
14.5,158.5,-0.13153177,1.616694413666018,25
14.5,159.5,-0.12510361,1.616694413666018,25
14.5,160.5,-0.118034974,1.616694413666018,25
14.5,161.5,-0.11153831,1.616694413666018,25
14.5,162.5,-0.106467076,1.616694413666018,25
14.5,163.5,-0.10283535,1.616694413666018,25
14.5,164.5,-0.10027149,1.616694413666018,25
14.5,165.5,-0.098679,1.616694413666018,25
14.5,166.5,-0.098141916,1.616694413666018,25
14.5,167.5,-0.09689899,1.616694413666018,25
14.5,168.5,-0.09413651,1.616694413666018,25
14.5,169.5,-0.09031894,1.616694413666018,25
14.5,170.5,-0.08515045,1.616694413666018,25
14.5,171.5,-0.078732446,1.616694413666018,25
14.5,172.5,-0.07136527,1.616694413666018,25
14.5,173.5,-0.063516706,1.616694413666018,25
14.5,174.5,-0.055915505,1.616694413666018,25
14.5,175.5,-0.049573116,1.616694413666018,25
14.5,176.5,-0.04425169,1.616694413666018,25
14.5,177.5,-0.03932731,1.616694413666018,25
14.5,178.5,-0.0329443,1.616694413666018,25
14.5,179.5,-0.023988085,1.616694413666018,25
14.5,180.5,-0.0122968005,1.616694413666018,25
14.5,181.5,0.0016451549,1.616694413666018,25
14.5,182.5,0.016861772,1.616694413666018,25
14.5,183.5,0.032214727,1.616694413666018,25
14.5,184.5,0.04798259,1.616694413666018,25
14.5,185.5,0.064700246,1.616694413666018,25
14.5,186.5,0.07919775,1.616694413666018,25
14.5,187.5,0.09324791,1.616694413666018,25
14.5,188.5,0.106654234,1.616694413666018,25
14.5,189.5,0.11967195,1.616694413666018,25
14.5,190.5,0.13219991,1.616694413666018,25
14.5,191.5,0.14410126,1.616694413666018,25
14.5,192.5,0.15588726,1.616694413666018,25
14.5,193.5,0.16843408,1.616694413666018,25
14.5,194.5,0.18338327,1.616694413666018,25
14.5,195.5,0.19682167,1.616694413666018,25
14.5,196.5,0.20802186,1.616694413666018,25
14.5,197.5,0.21640575,1.616694413666018,25
14.5,198.5,0.22224984,1.616694413666018,25
14.5,199.5,0.22613513,1.616694413666018,25
14.5,200.5,0.22868797,1.616694413666018,25
14.5,201.5,0.23044114,1.616694413666018,25
14.5,202.5,0.23199767,1.616694413666018,25
14.5,203.5,0.23408493,1.616694413666018,25
14.5,204.5,0.2373201,1.616694413666018,25
14.5,205.5,0.24021462,1.616694413666018,25
14.5,206.5,0.24217094,1.616694413666018,25
14.5,207.5,0.24335438,1.616694413666018,25
14.5,208.5,0.24422017,1.616694413666018,25
14.5,209.5,0.24493545,1.616694413666018,25
14.5,210.5,0.24513455,1.616694413666018,25
14.5,211.5,0.24488504,1.616694413666018,25
14.5,212.5,0.2452404,1.616694413666018,25
14.5,213.5,0.24455525,1.616694413666018,25
14.5,214.5,0.24340186,1.616694413666018,25
14.5,215.5,0.24225459,1.616694413666018,25
14.5,216.5,0.24061108,1.616694413666018,25
14.5,217.5,0.23825203,1.616694413666018,25
14.5,218.5,0.23517436,1.616694413666018,25
14.5,219.5,0.23088706,1.616694413666018,25
14.5,220.5,0.22555657,1.616694413666018,25
14.5,221.5,0.22040096,1.616694413666018,25
14.5,222.5,0.21607257,1.616694413666018,25
14.5,223.5,0.2111501,1.616694413666018,25
14.5,224.5,0.20633464,1.616694413666018,25
14.5,225.5,0.2016088,1.616694413666018,25
14.5,226.5,0.19696543,1.616694413666018,25
14.5,227.5,0.1924518,1.616694413666018,25
14.5,228.5,0.18769832,1.616694413666018,25
14.5,229.5,0.18181826,1.616694413666018,25
14.5,230.5,0.17679282,1.616694413666018,25
14.5,231.5,0.17358053,1.616694413666018,25
14.5,232.5,0.17026086,1.616694413666018,25
14.5,233.5,0.16715974,1.616694413666018,25
14.5,234.5,0.16498151,1.616694413666018,25
14.5,235.5,0.16367272,1.616694413666018,25
14.5,236.5,0.16299005,1.616694413666018,25
14.5,237.5,0.16361439,1.616694413666018,25
14.5,238.5,0.16642435,1.616694413666018,25
14.5,239.5,0.17096847,1.616694413666018,25
14.5,240.5,0.17513275,1.616694413666018,25
14.5,241.5,0.17975795,1.616694413666018,25
14.5,242.5,0.18347643,1.616694413666018,25
14.5,243.5,0.18464145,1.616694413666018,25
14.5,244.5,0.18276173,1.616694413666018,25
14.5,245.5,0.17847046,1.616694413666018,25
14.5,246.5,0.17316519,1.616694413666018,25
14.5,247.5,0.1682347,1.616694413666018,25
14.5,248.5,0.17042588,1.616694413666018,25
14.5,249.5,0.17409159,1.616694413666018,25
14.5,250.5,0.17512368,1.616694413666018,25
14.5,251.5,0.17525974,1.616694413666018,25
14.5,252.5,0.17551424,1.616694413666018,25
14.5,253.5,0.17673947,1.616694413666018,25
14.5,254.5,0.1800206,1.616694413666018,25
14.5,255.5,0.18587035,1.616694413666018,25
14.5,256.5,0.19327642,1.616694413666018,25
14.5,257.5,0.20301807,1.616694413666018,25
14.5,258.5,0.2137864,1.616694413666018,25
14.5,259.5,0.21801086,1.616694413666018,25
14.5,260.5,0.21340899,1.616694413666018,25
14.5,261.5,0.2400706,1.616694413666018,25
14.5,262.5,0.34635463,1.616694413666018,25
14.5,263.5,0.50888544,1.616694413666018,25
14.5,264.5,0.59116745,1.616694413666018,25
14.5,265.5,0.51591986,1.616694413666018,25
14.5,266.5,0.44633391,1.616694413666018,25
14.5,267.5,0.4393359,1.616694413666018,25
14.5,268.5,,1.616694413666018,25
14.5,269.5,,1.616694413666018,25
14.5,270.5,,1.616694413666018,25
14.5,271.5,,1.616694413666018,25
14.5,272.5,,1.616694413666018,25
14.5,273.5,,1.616694413666018,25
14.5,274.5,,1.616694413666018,25
14.5,275.5,,1.616694413666018,25
14.5,276.5,0.21463785,1.616694413666018,25
14.5,277.5,0.18606566,1.616694413666018,25
14.5,278.5,0.15789051,1.616694413666018,25
14.5,279.5,0.13291658,1.616694413666018,25
14.5,280.5,0.123273045,1.616694413666018,25
14.5,281.5,0.13138494,1.616694413666018,25
14.5,282.5,0.14145301,1.616694413666018,25
14.5,283.5,0.13964021,1.616694413666018,25
14.5,284.5,0.13975638,1.616694413666018,25
14.5,285.5,0.14287616,1.616694413666018,25
14.5,286.5,0.14502275,1.616694413666018,25
14.5,287.5,0.14583029,1.616694413666018,25
14.5,288.5,0.14582129,1.616694413666018,25
14.5,289.5,0.14562728,1.616694413666018,25
15.5,120.5,,1.616694413666018,25
15.5,121.5,,1.616694413666018,25
15.5,122.5,-0.2188564,1.616694413666018,25
15.5,123.5,-0.25916886,1.616694413666018,25
15.5,124.5,-0.30520278,1.616694413666018,25
15.5,125.5,-0.33812943,1.616694413666018,25
15.5,126.5,-0.3585465,1.616694413666018,25
15.5,127.5,-0.37043077,1.616694413666018,25
15.5,128.5,-0.37679115,1.616694413666018,25
15.5,129.5,-0.37965173,1.616694413666018,25
15.5,130.5,-0.37976378,1.616694413666018,25
15.5,131.5,-0.37835532,1.616694413666018,25
15.5,132.5,-0.3740917,1.616694413666018,25
15.5,133.5,-0.3652646,1.616694413666018,25
15.5,134.5,-0.3536821,1.616694413666018,25
15.5,135.5,-0.3416468,1.616694413666018,25
15.5,136.5,-0.3306406,1.616694413666018,25
15.5,137.5,-0.3208586,1.616694413666018,25
15.5,138.5,-0.31166366,1.616694413666018,25
15.5,139.5,-0.30317187,1.616694413666018,25
15.5,140.5,-0.29517743,1.616694413666018,25
15.5,141.5,-0.28820696,1.616694413666018,25
15.5,142.5,-0.28071156,1.616694413666018,25
15.5,143.5,-0.2727846,1.616694413666018,25
15.5,144.5,-0.26457125,1.616694413666018,25
15.5,145.5,-0.25626138,1.616694413666018,25
15.5,146.5,-0.24791624,1.616694413666018,25
15.5,147.5,-0.23935515,1.616694413666018,25
15.5,148.5,-0.23032404,1.616694413666018,25
15.5,149.5,-0.21899584,1.616694413666018,25
15.5,150.5,-0.20923172,1.616694413666018,25
15.5,151.5,-0.1983274,1.616694413666018,25
15.5,152.5,-0.18623863,1.616694413666018,25
15.5,153.5,-0.17434487,1.616694413666018,25
15.5,154.5,-0.16343348,1.616694413666018,25
15.5,155.5,-0.15395439,1.616694413666018,25
15.5,156.5,-0.14671886,1.616694413666018,25
15.5,157.5,-0.14137463,1.616694413666018,25
15.5,158.5,-0.13593239,1.616694413666018,25
15.5,159.5,-0.13070658,1.616694413666018,25
15.5,160.5,-0.12504743,1.616694413666018,25
15.5,161.5,-0.11977362,1.616694413666018,25
15.5,162.5,-0.11544258,1.616694413666018,25
15.5,163.5,-0.11214726,1.616694413666018,25
15.5,164.5,-0.10974805,1.616694413666018,25
15.5,165.5,-0.10819135,1.616694413666018,25
15.5,166.5,-0.107762635,1.616694413666018,25
15.5,167.5,-0.10701327,1.616694413666018,25
15.5,168.5,-0.10554082,1.616694413666018,25
15.5,169.5,-0.10387012,1.616694413666018,25
15.5,170.5,-0.100841455,1.616694413666018,25
15.5,171.5,-0.09656242,1.616694413666018,25
15.5,172.5,-0.091310866,1.616694413666018,25
15.5,173.5,-0.085285604,1.616694413666018,25
15.5,174.5,-0.07898051,1.616694413666018,25
15.5,175.5,-0.07343661,1.616694413666018,25
15.5,176.5,-0.06896388,1.616694413666018,25
15.5,177.5,-0.064510904,1.616694413666018,25
15.5,178.5,-0.057719864,1.616694413666018,25
15.5,179.5,-0.047764655,1.616694413666018,25
15.5,180.5,-0.035064403,1.616694413666018,25
15.5,181.5,-0.020435868,1.616694413666018,25
15.5,182.5,-0.00501132,1.616694413666018,25
15.5,183.5,0.009807711,1.616694413666018,25
15.5,184.5,0.02474886,1.616694413666018,25
15.5,185.5,0.040828247,1.616694413666018,25
15.5,186.5,0.055540465,1.616694413666018,25
15.5,187.5,0.07067833,1.616694413666018,25
15.5,188.5,0.08591978,1.616694413666018,25
15.5,189.5,0.10095449,1.616694413666018,25
15.5,190.5,0.11544537,1.616694413666018,25
15.5,191.5,0.12946835,1.616694413666018,25
15.5,192.5,0.14377336,1.616694413666018,25
15.5,193.5,0.15900187,1.616694413666018,25
15.5,194.5,0.1758929,1.616694413666018,25
15.5,195.5,0.19065814,1.616694413666018,25
15.5,196.5,0.20369299,1.616694413666018,25
15.5,197.5,0.21471938,1.616694413666018,25
15.5,198.5,0.22386059,1.616694413666018,25
15.5,199.5,0.23107326,1.616694413666018,25
15.5,200.5,0.23638488,1.616694413666018,25
15.5,201.5,0.2405148,1.616694413666018,25
15.5,202.5,0.2444659,1.616694413666018,25
15.5,203.5,0.24914768,1.616694413666018,25
15.5,204.5,0.2538343,1.616694413666018,25
15.5,205.5,0.25822768,1.616694413666018,25
15.5,206.5,0.26163253,1.616694413666018,25
15.5,207.5,0.26340055,1.616694413666018,25
15.5,208.5,0.26346293,1.616694413666018,25
15.5,209.5,0.26238585,1.616694413666018,25
15.5,210.5,0.26105663,1.616694413666018,25
15.5,211.5,0.26056516,1.616694413666018,25
15.5,212.5,0.26100585,1.616694413666018,25
15.5,213.5,0.2612241,1.616694413666018,25
15.5,214.5,0.26163062,1.616694413666018,25
15.5,215.5,0.26135123,1.616694413666018,25
15.5,216.5,0.26006,1.616694413666018,25
15.5,217.5,0.25754085,1.616694413666018,25
15.5,218.5,0.25350493,1.616694413666018,25
15.5,219.5,0.24790365,1.616694413666018,25
15.5,220.5,0.24107271,1.616694413666018,25
15.5,221.5,0.2337653,1.616694413666018,25
15.5,222.5,0.22639948,1.616694413666018,25
15.5,223.5,0.21873759,1.616694413666018,25
15.5,224.5,0.21252012,1.616694413666018,25
15.5,225.5,0.20778173,1.616694413666018,25
15.5,226.5,0.20392518,1.616694413666018,25
15.5,227.5,0.20022756,1.616694413666018,25
15.5,228.5,0.1958137,1.616694413666018,25
15.5,229.5,0.1904839,1.616694413666018,25
15.5,230.5,0.18520254,1.616694413666018,25
15.5,231.5,0.17962894,1.616694413666018,25
15.5,232.5,0.17170751,1.616694413666018,25
15.5,233.5,0.16270795,1.616694413666018,25
15.5,234.5,0.15408634,1.616694413666018,25
15.5,235.5,0.14576602,1.616694413666018,25
15.5,236.5,0.13678269,1.616694413666018,25
15.5,237.5,0.12764919,1.616694413666018,25
15.5,238.5,0.121504135,1.616694413666018,25
15.5,239.5,0.118458204,1.616694413666018,25
15.5,240.5,0.11546144,1.616694413666018,25
15.5,241.5,0.11396019,1.616694413666018,25
15.5,242.5,0.11354245,1.616694413666018,25
15.5,243.5,0.11195796,1.616694413666018,25
15.5,244.5,0.107145816,1.616694413666018,25
15.5,245.5,0.09950447,1.616694413666018,25
15.5,246.5,0.091828994,1.616694413666018,25
15.5,247.5,0.085746415,1.616694413666018,25
15.5,248.5,0.08667738,1.616694413666018,25
15.5,249.5,0.09222186,1.616694413666018,25
15.5,250.5,0.096072376,1.616694413666018,25
15.5,251.5,0.09880235,1.616694413666018,25
15.5,252.5,0.1022574,1.616694413666018,25
15.5,253.5,0.1079664,1.616694413666018,25
15.5,254.5,0.11728511,1.616694413666018,25
15.5,255.5,0.13219613,1.616694413666018,25
15.5,256.5,0.15521303,1.616694413666018,25
15.5,257.5,0.18526444,1.616694413666018,25
15.5,258.5,0.21657814,1.616694413666018,25
15.5,259.5,0.24598028,1.616694413666018,25
15.5,260.5,0.26392663,1.616694413666018,25
15.5,261.5,0.28695866,1.616694413666018,25
15.5,262.5,0.35212812,1.616694413666018,25
15.5,263.5,0.49352288,1.616694413666018,25
15.5,264.5,0.6142884,1.616694413666018,25
15.5,265.5,0.6054698,1.616694413666018,25
15.5,266.5,0.56744903,1.616694413666018,25
15.5,267.5,,1.616694413666018,25
15.5,268.5,,1.616694413666018,25
15.5,269.5,,1.616694413666018,25
15.5,270.5,,1.616694413666018,25
15.5,271.5,,1.616694413666018,25
15.5,272.5,,1.616694413666018,25
15.5,273.5,,1.616694413666018,25
15.5,274.5,,1.616694413666018,25
15.5,275.5,,1.616694413666018,25
15.5,276.5,0.1998658,1.616694413666018,25
15.5,277.5,0.1867205,1.616694413666018,25
15.5,278.5,0.16427158,1.616694413666018,25
15.5,279.5,0.14549965,1.616694413666018,25
15.5,280.5,0.14606994,1.616694413666018,25
15.5,281.5,0.16847332,1.616694413666018,25
15.5,282.5,0.18870236,1.616694413666018,25
15.5,283.5,0.18651377,1.616694413666018,25
15.5,284.5,0.18416192,1.616694413666018,25
15.5,285.5,0.18514694,1.616694413666018,25
15.5,286.5,0.18473665,1.616694413666018,25
15.5,287.5,0.18329021,1.616694413666018,25
15.5,288.5,0.18167429,1.616694413666018,25
15.5,289.5,0.18003915,1.616694413666018,25
16.5,120.5,-0.20434278,1.616694413666018,25
16.5,121.5,,1.616694413666018,25
16.5,122.5,-0.2165312,1.616694413666018,25
16.5,123.5,-0.2540732,1.616694413666018,25
16.5,124.5,-0.29149365,1.616694413666018,25
16.5,125.5,-0.31600675,1.616694413666018,25
16.5,126.5,-0.33247018,1.616694413666018,25
16.5,127.5,-0.34411347,1.616694413666018,25
16.5,128.5,-0.35146642,1.616694413666018,25
16.5,129.5,-0.3559729,1.616694413666018,25
16.5,130.5,-0.35902083,1.616694413666018,25
16.5,131.5,-0.36167794,1.616694413666018,25
16.5,132.5,-0.36077487,1.616694413666018,25
16.5,133.5,-0.35568908,1.616694413666018,25
16.5,134.5,-0.34865654,1.616694413666018,25
16.5,135.5,-0.34116897,1.616694413666018,25
16.5,136.5,-0.33369812,1.616694413666018,25
16.5,137.5,-0.3260725,1.616694413666018,25
16.5,138.5,-0.3181311,1.616694413666018,25
16.5,139.5,-0.3099283,1.616694413666018,25
16.5,140.5,-0.3020145,1.616694413666018,25
16.5,141.5,-0.29546136,1.616694413666018,25
16.5,142.5,-0.28818524,1.616694413666018,25
16.5,143.5,-0.28054193,1.616694413666018,25
16.5,144.5,-0.27284223,1.616694413666018,25
16.5,145.5,-0.26561052,1.616694413666018,25
16.5,146.5,-0.25851265,1.616694413666018,25
16.5,147.5,-0.25015578,1.616694413666018,25
16.5,148.5,-0.24083582,1.616694413666018,25
16.5,149.5,-0.22929293,1.616694413666018,25
16.5,150.5,-0.21867532,1.616694413666018,25
16.5,151.5,-0.20731989,1.616694413666018,25
16.5,152.5,-0.19499812,1.616694413666018,25
16.5,153.5,-0.18272255,1.616694413666018,25
16.5,154.5,-0.1715658,1.616694413666018,25
16.5,155.5,-0.16238633,1.616694413666018,25
16.5,156.5,-0.1557913,1.616694413666018,25
16.5,157.5,-0.15120399,1.616694413666018,25
16.5,158.5,-0.14672585,1.616694413666018,25
16.5,159.5,-0.14223707,1.616694413666018,25
16.5,160.5,-0.1377571,1.616694413666018,25
16.5,161.5,-0.13336746,1.616694413666018,25
16.5,162.5,-0.12927349,1.616694413666018,25
16.5,163.5,-0.1258598,1.616694413666018,25
16.5,164.5,-0.1234173,1.616694413666018,25
16.5,165.5,-0.12197749,1.616694413666018,25
16.5,166.5,-0.121749595,1.616694413666018,25
16.5,167.5,-0.12242627,1.616694413666018,25
16.5,168.5,-0.12257824,1.616694413666018,25
16.5,169.5,-0.122172415,1.616694413666018,25
16.5,170.5,-0.121111564,1.616694413666018,25
16.5,171.5,-0.11903379,1.616694413666018,25
16.5,172.5,-0.11578705,1.616694413666018,25
16.5,173.5,-0.11160465,1.616694413666018,25
16.5,174.5,-0.107019484,1.616694413666018,25
16.5,175.5,-0.10263042,1.616694413666018,25
16.5,176.5,-0.09810467,1.616694413666018,25
16.5,177.5,-0.092482395,1.616694413666018,25
16.5,178.5,-0.08420136,1.616694413666018,25
16.5,179.5,-0.07395172,1.616694413666018,25
16.5,180.5,-0.061886758,1.616694413666018,25
16.5,181.5,-0.04828024,1.616694413666018,25
16.5,182.5,-0.033873197,1.616694413666018,25
16.5,183.5,-0.019553386,1.616694413666018,25
16.5,184.5,-0.004795809,1.616694413666018,25
16.5,185.5,0.010744009,1.616694413666018,25
16.5,186.5,0.025315285,1.616694413666018,25
16.5,187.5,0.04046649,1.616694413666018,25
16.5,188.5,0.056032278,1.616694413666018,25
16.5,189.5,0.07171171,1.616694413666018,25
16.5,190.5,0.08724308,1.616694413666018,25
16.5,191.5,0.10274825,1.616694413666018,25
16.5,192.5,0.11888139,1.616694413666018,25
16.5,193.5,0.1369658,1.616694413666018,25
16.5,194.5,0.15629247,1.616694413666018,25
16.5,195.5,0.17320772,1.616694413666018,25
16.5,196.5,0.18950106,1.616694413666018,25
16.5,197.5,0.20466316,1.616694413666018,25
16.5,198.5,0.21816263,1.616694413666018,25
16.5,199.5,0.22974464,1.616694413666018,25
16.5,200.5,0.23940282,1.616694413666018,25
16.5,201.5,0.24711044,1.616694413666018,25
16.5,202.5,0.2528292,1.616694413666018,25
16.5,203.5,0.2594608,1.616694413666018,25
16.5,204.5,0.26515397,1.616694413666018,25
16.5,205.5,0.2705427,1.616694413666018,25
16.5,206.5,0.27540505,1.616694413666018,25
16.5,207.5,0.27875325,1.616694413666018,25
16.5,208.5,0.27976477,1.616694413666018,25
16.5,209.5,0.27852762,1.616694413666018,25
16.5,210.5,0.2762799,1.616694413666018,25
16.5,211.5,0.2747482,1.616694413666018,25
16.5,212.5,0.27433252,1.616694413666018,25
16.5,213.5,0.2751046,1.616694413666018,25
16.5,214.5,0.27597192,1.616694413666018,25
16.5,215.5,0.27679867,1.616694413666018,25
16.5,216.5,0.27681407,1.616694413666018,25
16.5,217.5,0.2751127,1.616694413666018,25
16.5,218.5,0.27109233,1.616694413666018,25
16.5,219.5,0.2646644,1.616694413666018,25
16.5,220.5,0.25587037,1.616694413666018,25
16.5,221.5,0.2455152,1.616694413666018,25
16.5,222.5,0.2352008,1.616694413666018,25
16.5,223.5,0.22563116,1.616694413666018,25
16.5,224.5,0.21740498,1.616694413666018,25
16.5,225.5,0.21083137,1.616694413666018,25
16.5,226.5,0.20600422,1.616694413666018,25
16.5,227.5,0.20247811,1.616694413666018,25
16.5,228.5,0.19917187,1.616694413666018,25
16.5,229.5,0.19709401,1.616694413666018,25
16.5,230.5,0.19389938,1.616694413666018,25
16.5,231.5,0.18688828,1.616694413666018,25
16.5,232.5,0.1760204,1.616694413666018,25
16.5,233.5,0.16291995,1.616694413666018,25
16.5,234.5,0.14908952,1.616694413666018,25
16.5,235.5,0.13474217,1.616694413666018,25
16.5,236.5,0.119440325,1.616694413666018,25
16.5,237.5,0.10403595,1.616694413666018,25
16.5,238.5,0.09140723,1.616694413666018,25
16.5,239.5,0.0805067,1.616694413666018,25
16.5,240.5,0.06895446,1.616694413666018,25
16.5,241.5,0.059916835,1.616694413666018,25
16.5,242.5,0.055341527,1.616694413666018,25
16.5,243.5,0.052438173,1.616694413666018,25
16.5,244.5,0.047442798,1.616694413666018,25
16.5,245.5,0.039629184,1.616694413666018,25
16.5,246.5,0.03310995,1.616694413666018,25
16.5,247.5,0.029797383,1.616694413666018,25
16.5,248.5,0.03255402,1.616694413666018,25
16.5,249.5,0.039134063,1.616694413666018,25
16.5,250.5,0.045762386,1.616694413666018,25
16.5,251.5,0.053424846,1.616694413666018,25
16.5,252.5,0.06485824,1.616694413666018,25
16.5,253.5,0.08230339,1.616694413666018,25
16.5,254.5,0.10745845,1.616694413666018,25
16.5,255.5,0.14230675,1.616694413666018,25
16.5,256.5,0.18766983,1.616694413666018,25
16.5,257.5,0.24429582,1.616694413666018,25
16.5,258.5,0.29998788,1.616694413666018,25
16.5,259.5,0.3418769,1.616694413666018,25
16.5,260.5,0.36079445,1.616694413666018,25
16.5,261.5,,1.616694413666018,25
16.5,262.5,,1.616694413666018,25
16.5,263.5,,1.616694413666018,25
16.5,264.5,,1.616694413666018,25
16.5,265.5,,1.616694413666018,25
16.5,266.5,,1.616694413666018,25
16.5,267.5,,1.616694413666018,25
16.5,268.5,,1.616694413666018,25
16.5,269.5,,1.616694413666018,25
16.5,270.5,,1.616694413666018,25
16.5,271.5,,1.616694413666018,25
16.5,272.5,0.12884218,1.616694413666018,25
16.5,273.5,0.14074127,1.616694413666018,25
16.5,274.5,0.15539348,1.616694413666018,25
16.5,275.5,0.16633953,1.616694413666018,25
16.5,276.5,0.1682888,1.616694413666018,25
16.5,277.5,0.16594619,1.616694413666018,25
16.5,278.5,0.15935114,1.616694413666018,25
16.5,279.5,0.15589602,1.616694413666018,25
16.5,280.5,0.16714019,1.616694413666018,25
16.5,281.5,0.192272,1.616694413666018,25
16.5,282.5,0.20737834,1.616694413666018,25
16.5,283.5,0.20709561,1.616694413666018,25
16.5,284.5,0.20486118,1.616694413666018,25
16.5,285.5,0.20424624,1.616694413666018,25
16.5,286.5,0.20565975,1.616694413666018,25
16.5,287.5,0.20683447,1.616694413666018,25
16.5,288.5,0.20750391,1.616694413666018,25
16.5,289.5,0.20775968,1.616694413666018,25
17.5,120.5,-0.17363188,1.616694413666018,25
17.5,121.5,,1.616694413666018,25
17.5,122.5,-0.20406891,1.616694413666018,25
17.5,123.5,-0.23454566,1.616694413666018,25
17.5,124.5,-0.2576359,1.616694413666018,25
17.5,125.5,-0.27725005,1.616694413666018,25
17.5,126.5,-0.29260966,1.616694413666018,25
17.5,127.5,-0.30329034,1.616694413666018,25
17.5,128.5,-0.3111745,1.616694413666018,25
17.5,129.5,-0.31959584,1.616694413666018,25
17.5,130.5,-0.32867217,1.616694413666018,25
17.5,131.5,-0.33798972,1.616694413666018,25
17.5,132.5,-0.34321344,1.616694413666018,25
17.5,133.5,-0.34437093,1.616694413666018,25
17.5,134.5,-0.3431285,1.616694413666018,25
17.5,135.5,-0.34010726,1.616694413666018,25
17.5,136.5,-0.33550918,1.616694413666018,25
17.5,137.5,-0.3296364,1.616694413666018,25
17.5,138.5,-0.32321182,1.616694413666018,25
17.5,139.5,-0.31694105,1.616694413666018,25
17.5,140.5,-0.31041354,1.616694413666018,25
17.5,141.5,-0.30460632,1.616694413666018,25
17.5,142.5,-0.29765335,1.616694413666018,25
17.5,143.5,-0.28996658,1.616694413666018,25
17.5,144.5,-0.28216767,1.616694413666018,25
17.5,145.5,-0.2742751,1.616694413666018,25
17.5,146.5,-0.2660889,1.616694413666018,25
17.5,147.5,-0.25769565,1.616694413666018,25
17.5,148.5,-0.24833198,1.616694413666018,25
17.5,149.5,-0.23718438,1.616694413666018,25
17.5,150.5,-0.22651191,1.616694413666018,25
17.5,151.5,-0.2149304,1.616694413666018,25
17.5,152.5,-0.2031289,1.616694413666018,25
17.5,153.5,-0.19196168,1.616694413666018,25
17.5,154.5,-0.1819684,1.616694413666018,25
17.5,155.5,-0.17369102,1.616694413666018,25
17.5,156.5,-0.16799372,1.616694413666018,25
17.5,157.5,-0.16470796,1.616694413666018,25
17.5,158.5,-0.16134365,1.616694413666018,25
17.5,159.5,-0.15750842,1.616694413666018,25
17.5,160.5,-0.15398245,1.616694413666018,25
17.5,161.5,-0.15014425,1.616694413666018,25
17.5,162.5,-0.14630127,1.616694413666018,25
17.5,163.5,-0.14309494,1.616694413666018,25
17.5,164.5,-0.14088324,1.616694413666018,25
17.5,165.5,-0.13964294,1.616694413666018,25
17.5,166.5,-0.13978523,1.616694413666018,25
17.5,167.5,-0.14047688,1.616694413666018,25
17.5,168.5,-0.1408487,1.616694413666018,25
17.5,169.5,-0.1410846,1.616694413666018,25
17.5,170.5,-0.14081056,1.616694413666018,25
17.5,171.5,-0.14028385,1.616694413666018,25
17.5,172.5,-0.13927414,1.616694413666018,25
17.5,173.5,-0.13722686,1.616694413666018,25
17.5,174.5,-0.13426457,1.616694413666018,25
17.5,175.5,-0.13066314,1.616694413666018,25
17.5,176.5,-0.12614796,1.616694413666018,25
17.5,177.5,-0.120520614,1.616694413666018,25
17.5,178.5,-0.11302107,1.616694413666018,25
17.5,179.5,-0.103625156,1.616694413666018,25
17.5,180.5,-0.09280078,1.616694413666018,25
17.5,181.5,-0.080876,1.616694413666018,25
17.5,182.5,-0.068189345,1.616694413666018,25
17.5,183.5,-0.0556567,1.616694413666018,25
17.5,184.5,-0.042871486,1.616694413666018,25
17.5,185.5,-0.028698701,1.616694413666018,25
17.5,186.5,-0.015036011,1.616694413666018,25
17.5,187.5,-0.0006911468,1.616694413666018,25
17.5,188.5,0.014395867,1.616694413666018,25
17.5,189.5,0.030081015,1.616694413666018,25
17.5,190.5,0.04577463,1.616694413666018,25
17.5,191.5,0.061120242,1.616694413666018,25
17.5,192.5,0.07708186,1.616694413666018,25
17.5,193.5,0.09666439,1.616694413666018,25
17.5,194.5,0.11857357,1.616694413666018,25
17.5,195.5,0.13914587,1.616694413666018,25
17.5,196.5,0.15953459,1.616694413666018,25
17.5,197.5,0.1788232,1.616694413666018,25
17.5,198.5,0.19664389,1.616694413666018,25
17.5,199.5,0.21343563,1.616694413666018,25
17.5,200.5,0.22974963,1.616694413666018,25
17.5,201.5,0.24509376,1.616694413666018,25
17.5,202.5,0.2586743,1.616694413666018,25
17.5,203.5,0.2688302,1.616694413666018,25
17.5,204.5,0.27438906,1.616694413666018,25
17.5,205.5,0.2788564,1.616694413666018,25
17.5,206.5,0.28364387,1.616694413666018,25
17.5,207.5,0.28861323,1.616694413666018,25
17.5,208.5,0.2924525,1.616694413666018,25
17.5,209.5,0.29398528,1.616694413666018,25
17.5,210.5,0.2936295,1.616694413666018,25
17.5,211.5,0.2929644,1.616694413666018,25
17.5,212.5,0.29295045,1.616694413666018,25
17.5,213.5,0.2939117,1.616694413666018,25
17.5,214.5,0.29479897,1.616694413666018,25
17.5,215.5,0.29519233,1.616694413666018,25
17.5,216.5,0.29513153,1.616694413666018,25
17.5,217.5,0.29398263,1.616694413666018,25
17.5,218.5,0.29054928,1.616694413666018,25
17.5,219.5,0.28444582,1.616694413666018,25
17.5,220.5,0.27557173,1.616694413666018,25
17.5,221.5,0.26492733,1.616694413666018,25
17.5,222.5,0.25407127,1.616694413666018,25
17.5,223.5,0.24310559,1.616694413666018,25
17.5,224.5,0.23186861,1.616694413666018,25
17.5,225.5,0.22143537,1.616694413666018,25
17.5,226.5,0.21304172,1.616694413666018,25
17.5,227.5,0.20722337,1.616694413666018,25
17.5,228.5,0.20379221,1.616694413666018,25
17.5,229.5,0.20372659,1.616694413666018,25
17.5,230.5,0.20305778,1.616694413666018,25
17.5,231.5,0.19777617,1.616694413666018,25
17.5,232.5,0.18791232,1.616694413666018,25
17.5,233.5,0.1736021,1.616694413666018,25
17.5,234.5,0.15524325,1.616694413666018,25
17.5,235.5,0.13453539,1.616694413666018,25
17.5,236.5,0.1142295,1.616694413666018,25
17.5,237.5,0.09631897,1.616694413666018,25
17.5,238.5,0.08085647,1.616694413666018,25
17.5,239.5,0.06624284,1.616694413666018,25
17.5,240.5,0.048598275,1.616694413666018,25
17.5,241.5,0.032888822,1.616694413666018,25
17.5,242.5,0.023748936,1.616694413666018,25
17.5,243.5,0.019208355,1.616694413666018,25
17.5,244.5,0.014398213,1.616694413666018,25
17.5,245.5,0.007960663,1.616694413666018,25
17.5,246.5,0.006170826,1.616694413666018,25
17.5,247.5,0.009105682,1.616694413666018,25
17.5,248.5,0.017456265,1.616694413666018,25
17.5,249.5,0.02734067,1.616694413666018,25
17.5,250.5,0.038597688,1.616694413666018,25
17.5,251.5,0.055773757,1.616694413666018,25
17.5,252.5,0.082454845,1.616694413666018,25
17.5,253.5,0.11949702,1.616694413666018,25
17.5,254.5,0.16552246,1.616694413666018,25
17.5,255.5,0.21834593,1.616694413666018,25
17.5,256.5,0.27095068,1.616694413666018,25
17.5,257.5,0.32990992,1.616694413666018,25
17.5,258.5,0.36635742,1.616694413666018,25
17.5,259.5,,1.616694413666018,25
17.5,260.5,,1.616694413666018,25
17.5,261.5,,1.616694413666018,25
17.5,262.5,,1.616694413666018,25
17.5,263.5,,1.616694413666018,25
17.5,264.5,,1.616694413666018,25
17.5,265.5,,1.616694413666018,25
17.5,266.5,,1.616694413666018,25
17.5,267.5,,1.616694413666018,25
17.5,268.5,,1.616694413666018,25
17.5,269.5,,1.616694413666018,25
17.5,270.5,,1.616694413666018,25
17.5,271.5,,1.616694413666018,25
17.5,272.5,0.12192116,1.616694413666018,25
17.5,273.5,0.13796434,1.616694413666018,25
17.5,274.5,0.14856555,1.616694413666018,25
17.5,275.5,0.1547205,1.616694413666018,25
17.5,276.5,0.15921578,1.616694413666018,25
17.5,277.5,0.16226572,1.616694413666018,25
17.5,278.5,0.16544752,1.616694413666018,25
17.5,279.5,0.17122173,1.616694413666018,25
17.5,280.5,0.18299602,1.616694413666018,25
17.5,281.5,0.1981485,1.616694413666018,25
17.5,282.5,0.20425376,1.616694413666018,25
17.5,283.5,0.2122317,1.616694413666018,25
17.5,284.5,0.21413451,1.616694413666018,25
17.5,285.5,0.20627071,1.616694413666018,25
17.5,286.5,0.20439664,1.616694413666018,25
17.5,287.5,0.20755462,1.616694413666018,25
17.5,288.5,0.21153255,1.616694413666018,25
17.5,289.5,0.21406507,1.616694413666018,25
18.5,120.5,-0.12266133,1.616694413666018,25
18.5,121.5,,1.616694413666018,25
18.5,122.5,-0.1850407,1.616694413666018,25
18.5,123.5,-0.19255695,1.616694413666018,25
18.5,124.5,-0.19891457,1.616694413666018,25
18.5,125.5,-0.22253002,1.616694413666018,25
18.5,126.5,-0.24196698,1.616694413666018,25
18.5,127.5,-0.2531045,1.616694413666018,25
18.5,128.5,-0.26364377,1.616694413666018,25
18.5,129.5,-0.276635,1.616694413666018,25
18.5,130.5,-0.29167408,1.616694413666018,25
18.5,131.5,-0.30817518,1.616694413666018,25
18.5,132.5,-0.31993887,1.616694413666018,25
18.5,133.5,-0.32770896,1.616694413666018,25
18.5,134.5,-0.33189407,1.616694413666018,25
18.5,135.5,-0.33283004,1.616694413666018,25
18.5,136.5,-0.33070567,1.616694413666018,25
18.5,137.5,-0.32618132,1.616694413666018,25
18.5,138.5,-0.32082626,1.616694413666018,25
18.5,139.5,-0.31642634,1.616694413666018,25
18.5,140.5,-0.31246296,1.616694413666018,25
18.5,141.5,-0.307344,1.616694413666018,25
18.5,142.5,-0.30003676,1.616694413666018,25
18.5,143.5,-0.29203323,1.616694413666018,25
18.5,144.5,-0.2837744,1.616694413666018,25
18.5,145.5,-0.27527854,1.616694413666018,25
18.5,146.5,-0.26646727,1.616694413666018,25
18.5,147.5,-0.2574115,1.616694413666018,25
18.5,148.5,-0.24845989,1.616694413666018,25
18.5,149.5,-0.23879987,1.616694413666018,25
18.5,150.5,-0.22977886,1.616694413666018,25
18.5,151.5,-0.21969587,1.616694413666018,25
18.5,152.5,-0.20910381,1.616694413666018,25
18.5,153.5,-0.19912548,1.616694413666018,25
18.5,154.5,-0.19075328,1.616694413666018,25
18.5,155.5,-0.18449688,1.616694413666018,25
18.5,156.5,-0.18041895,1.616694413666018,25
18.5,157.5,-0.17829214,1.616694413666018,25
18.5,158.5,-0.17640918,1.616694413666018,25
18.5,159.5,-0.17342594,1.616694413666018,25
18.5,160.5,-0.17018569,1.616694413666018,25
18.5,161.5,-0.16678122,1.616694413666018,25
18.5,162.5,-0.1637007,1.616694413666018,25
18.5,163.5,-0.16136433,1.616694413666018,25
18.5,164.5,-0.15973778,1.616694413666018,25
18.5,165.5,-0.15840267,1.616694413666018,25
18.5,166.5,-0.15776035,1.616694413666018,25
18.5,167.5,-0.15803462,1.616694413666018,25
18.5,168.5,-0.15865259,1.616694413666018,25
18.5,169.5,-0.15907022,1.616694413666018,25
18.5,170.5,-0.15912327,1.616694413666018,25
18.5,171.5,-0.15911815,1.616694413666018,25
18.5,172.5,-0.15924005,1.616694413666018,25
18.5,173.5,-0.15917708,1.616694413666018,25
18.5,174.5,-0.15816377,1.616694413666018,25
18.5,175.5,-0.15610291,1.616694413666018,25
18.5,176.5,-0.15323381,1.616694413666018,25
18.5,177.5,-0.1498463,1.616694413666018,25
18.5,178.5,-0.14529884,1.616694413666018,25
18.5,179.5,-0.13865803,1.616694413666018,25
18.5,180.5,-0.1301727,1.616694413666018,25
18.5,181.5,-0.12029741,1.616694413666018,25
18.5,182.5,-0.10956192,1.616694413666018,25
18.5,183.5,-0.099016815,1.616694413666018,25
18.5,184.5,-0.08834049,1.616694413666018,25
18.5,185.5,-0.0759169,1.616694413666018,25
18.5,186.5,-0.06340784,1.616694413666018,25
18.5,187.5,-0.0504051,1.616694413666018,25
18.5,188.5,-0.036385726,1.616694413666018,25
18.5,189.5,-0.021191634,1.616694413666018,25
18.5,190.5,-0.0056512547,1.616694413666018,25
18.5,191.5,0.009060268,1.616694413666018,25
18.5,192.5,0.023094205,1.616694413666018,25
18.5,193.5,0.040781356,1.616694413666018,25
18.5,194.5,0.06268443,1.616694413666018,25
18.5,195.5,0.08511829,1.616694413666018,25
18.5,196.5,0.107687324,1.616694413666018,25
18.5,197.5,0.12923332,1.616694413666018,25
18.5,198.5,0.14972058,1.616694413666018,25
18.5,199.5,0.1698268,1.616694413666018,25
18.5,200.5,0.19042936,1.616694413666018,25
18.5,201.5,0.21199143,1.616694413666018,25
18.5,202.5,0.2345321,1.616694413666018,25
18.5,203.5,0.25805694,1.616694413666018,25
18.5,204.5,0.2728691,1.616694413666018,25
18.5,205.5,0.27957994,1.616694413666018,25
18.5,206.5,0.28494456,1.616694413666018,25
18.5,207.5,0.29247895,1.616694413666018,25
18.5,208.5,0.30085486,1.616694413666018,25
18.5,209.5,0.30668768,1.616694413666018,25
18.5,210.5,0.30942157,1.616694413666018,25
18.5,211.5,0.3110117,1.616694413666018,25
18.5,212.5,0.3127285,1.616694413666018,25
18.5,213.5,0.3141981,1.616694413666018,25
18.5,214.5,0.3152904,1.616694413666018,25
18.5,215.5,0.31606403,1.616694413666018,25
18.5,216.5,0.31620017,1.616694413666018,25
18.5,217.5,0.3150256,1.616694413666018,25
18.5,218.5,0.31191555,1.616694413666018,25
18.5,219.5,0.3068188,1.616694413666018,25
18.5,220.5,0.29932505,1.616694413666018,25
18.5,221.5,0.29052445,1.616694413666018,25
18.5,222.5,0.28086406,1.616694413666018,25
18.5,223.5,0.26976448,1.616694413666018,25
18.5,224.5,0.2567654,1.616694413666018,25
18.5,225.5,0.24248593,1.616694413666018,25
18.5,226.5,0.22919482,1.616694413666018,25
18.5,227.5,0.21979237,1.616694413666018,25
18.5,228.5,0.21533775,1.616694413666018,25
18.5,229.5,0.2140926,1.616694413666018,25
18.5,230.5,0.212609,1.616694413666018,25
18.5,231.5,0.20824498,1.616694413666018,25
18.5,232.5,0.2008141,1.616694413666018,25
18.5,233.5,0.1885128,1.616694413666018,25
18.5,234.5,0.16985798,1.616694413666018,25
18.5,235.5,0.14626375,1.616694413666018,25
18.5,236.5,0.12210761,1.616694413666018,25
18.5,237.5,0.10115912,1.616694413666018,25
18.5,238.5,0.08239365,1.616694413666018,25
18.5,239.5,0.06523574,1.616694413666018,25
18.5,240.5,0.04586405,1.616694413666018,25
18.5,241.5,0.028484479,1.616694413666018,25
18.5,242.5,0.017369885,1.616694413666018,25
18.5,243.5,0.011306915,1.616694413666018,25
18.5,244.5,0.007051797,1.616694413666018,25
18.5,245.5,0.0045312787,1.616694413666018,25
18.5,246.5,0.009746275,1.616694413666018,25
18.5,247.5,0.021654058,1.616694413666018,25
18.5,248.5,0.037845116,1.616694413666018,25
18.5,249.5,0.0535249,1.616694413666018,25
18.5,250.5,0.072730005,1.616694413666018,25
18.5,251.5,0.10220172,1.616694413666018,25
18.5,252.5,0.14429459,1.616694413666018,25
18.5,253.5,0.19529897,1.616694413666018,25
18.5,254.5,0.24769287,1.616694413666018,25
18.5,255.5,0.29288924,1.616694413666018,25
18.5,256.5,,1.616694413666018,25
18.5,257.5,,1.616694413666018,25
18.5,258.5,,1.616694413666018,25
18.5,259.5,,1.616694413666018,25
18.5,260.5,,1.616694413666018,25
18.5,261.5,,1.616694413666018,25
18.5,262.5,,1.616694413666018,25
18.5,263.5,,1.616694413666018,25
18.5,264.5,,1.616694413666018,25
18.5,265.5,-0.06533349,1.616694413666018,25
18.5,266.5,-0.06032303,1.616694413666018,25
18.5,267.5,,1.616694413666018,25
18.5,268.5,,1.616694413666018,25
18.5,269.5,,1.616694413666018,25
18.5,270.5,,1.616694413666018,25
18.5,271.5,,1.616694413666018,25
18.5,272.5,0.10366732,1.616694413666018,25
18.5,273.5,0.123906784,1.616694413666018,25
18.5,274.5,0.14025818,1.616694413666018,25
18.5,275.5,0.14922246,1.616694413666018,25
18.5,276.5,0.15717465,1.616694413666018,25
18.5,277.5,0.16539463,1.616694413666018,25
18.5,278.5,0.17242461,1.616694413666018,25
18.5,279.5,0.17871644,1.616694413666018,25
18.5,280.5,0.18590592,1.616694413666018,25
18.5,281.5,0.1939016,1.616694413666018,25
18.5,282.5,0.20297427,1.616694413666018,25
18.5,283.5,0.21295562,1.616694413666018,25
18.5,284.5,0.22317384,1.616694413666018,25
18.5,285.5,0.24190202,1.616694413666018,25
18.5,286.5,0.26164627,1.616694413666018,25
18.5,287.5,,1.616694413666018,25
18.5,288.5,,1.616694413666018,25
18.5,289.5,,1.616694413666018,25
19.5,120.5,-0.09827348,1.616694413666018,25
19.5,121.5,-0.12124588,1.616694413666018,25
19.5,122.5,-0.14696099,1.616694413666018,25
19.5,123.5,-0.12187553,1.616694413666018,25
19.5,124.5,-0.1272656,1.616694413666018,25
19.5,125.5,-0.16213146,1.616694413666018,25
19.5,126.5,-0.18424177,1.616694413666018,25
19.5,127.5,-0.19539684,1.616694413666018,25
19.5,128.5,-0.21091871,1.616694413666018,25
19.5,129.5,-0.22684862,1.616694413666018,25
19.5,130.5,-0.2469769,1.616694413666018,25
19.5,131.5,-0.26769346,1.616694413666018,25
19.5,132.5,-0.2846756,1.616694413666018,25
19.5,133.5,-0.2984292,1.616694413666018,25
19.5,134.5,-0.30832574,1.616694413666018,25
19.5,135.5,-0.3134106,1.616694413666018,25
19.5,136.5,-0.31384248,1.616694413666018,25
19.5,137.5,-0.31133267,1.616694413666018,25
19.5,138.5,-0.30839828,1.616694413666018,25
19.5,139.5,-0.30586207,1.616694413666018,25
19.5,140.5,-0.30228406,1.616694413666018,25
19.5,141.5,-0.2967167,1.616694413666018,25
19.5,142.5,-0.2892823,1.616694413666018,25
19.5,143.5,-0.28190076,1.616694413666018,25
19.5,144.5,-0.27465975,1.616694413666018,25
19.5,145.5,-0.26719075,1.616694413666018,25
19.5,146.5,-0.25929415,1.616694413666018,25
19.5,147.5,-0.25117478,1.616694413666018,25
19.5,148.5,-0.24359408,1.616694413666018,25
19.5,149.5,-0.2349321,1.616694413666018,25
19.5,150.5,-0.22711155,1.616694413666018,25
19.5,151.5,-0.21896197,1.616694413666018,25
19.5,152.5,-0.21035548,1.616694413666018,25
19.5,153.5,-0.20255697,1.616694413666018,25
19.5,154.5,-0.19644268,1.616694413666018,25
19.5,155.5,-0.19231871,1.616694413666018,25
19.5,156.5,-0.19025557,1.616694413666018,25
19.5,157.5,-0.18934888,1.616694413666018,25
19.5,158.5,-0.18828863,1.616694413666018,25
19.5,159.5,-0.18589129,1.616694413666018,25
19.5,160.5,-0.18305928,1.616694413666018,25
19.5,161.5,-0.18043822,1.616694413666018,25
19.5,162.5,-0.1782136,1.616694413666018,25
19.5,163.5,-0.17652173,1.616694413666018,25
19.5,164.5,-0.17540121,1.616694413666018,25
19.5,165.5,-0.1746232,1.616694413666018,25
19.5,166.5,-0.17386238,1.616694413666018,25
19.5,167.5,-0.17430526,1.616694413666018,25
19.5,168.5,-0.17554274,1.616694413666018,25
19.5,169.5,-0.175883,1.616694413666018,25
19.5,170.5,-0.17562205,1.616694413666018,25
19.5,171.5,-0.17512503,1.616694413666018,25
19.5,172.5,-0.17493337,1.616694413666018,25
19.5,173.5,-0.17517464,1.616694413666018,25
19.5,174.5,-0.17488545,1.616694413666018,25
19.5,175.5,-0.17412134,1.616694413666018,25
19.5,176.5,-0.17323884,1.616694413666018,25
19.5,177.5,-0.17233221,1.616694413666018,25
19.5,178.5,-0.17124741,1.616694413666018,25
19.5,179.5,-0.16908355,1.616694413666018,25
19.5,180.5,-0.16505568,1.616694413666018,25
19.5,181.5,-0.15891652,1.616694413666018,25
19.5,182.5,-0.15101047,1.616694413666018,25
19.5,183.5,-0.1419822,1.616694413666018,25
19.5,184.5,-0.13172787,1.616694413666018,25
19.5,185.5,-0.120242424,1.616694413666018,25
19.5,186.5,-0.10882506,1.616694413666018,25
19.5,187.5,-0.09635376,1.616694413666018,25
19.5,188.5,-0.082470834,1.616694413666018,25
19.5,189.5,-0.067457244,1.616694413666018,25
19.5,190.5,-0.052571964,1.616694413666018,25
19.5,191.5,-0.03898472,1.616694413666018,25
19.5,192.5,-0.026554976,1.616694413666018,25
19.5,193.5,-0.012328701,1.616694413666018,25
19.5,194.5,0.008090114,1.616694413666018,25
19.5,195.5,0.03105585,1.616694413666018,25
19.5,196.5,0.054460067,1.616694413666018,25
19.5,197.5,0.07747933,1.616694413666018,25
19.5,198.5,0.10016408,1.616694413666018,25
19.5,199.5,0.12267532,1.616694413666018,25
19.5,200.5,0.14520632,1.616694413666018,25
19.5,201.5,0.16858004,1.616694413666018,25
19.5,202.5,0.1961727,1.616694413666018,25
19.5,203.5,0.22829963,1.616694413666018,25
19.5,204.5,0.25394621,1.616694413666018,25
19.5,205.5,0.27183497,1.616694413666018,25
19.5,206.5,0.27796495,1.616694413666018,25
19.5,207.5,0.28814638,1.616694413666018,25
19.5,208.5,0.30188727,1.616694413666018,25
19.5,209.5,0.31312236,1.616694413666018,25
19.5,210.5,0.31973073,1.616694413666018,25
19.5,211.5,0.3237538,1.616694413666018,25
19.5,212.5,0.32700798,1.616694413666018,25
19.5,213.5,0.33020756,1.616694413666018,25
19.5,214.5,0.33224913,1.616694413666018,25
19.5,215.5,0.33353478,1.616694413666018,25
19.5,216.5,0.33412606,1.616694413666018,25
19.5,217.5,0.3333104,1.616694413666018,25
19.5,218.5,0.3303212,1.616694413666018,25
19.5,219.5,0.32568756,1.616694413666018,25
19.5,220.5,0.31924164,1.616694413666018,25
19.5,221.5,0.3124549,1.616694413666018,25
19.5,222.5,0.3050105,1.616694413666018,25
19.5,223.5,0.29563951,1.616694413666018,25
19.5,224.5,0.2838383,1.616694413666018,25
19.5,225.5,0.26955166,1.616694413666018,25
19.5,226.5,0.2542635,1.616694413666018,25
19.5,227.5,0.24085756,1.616694413666018,25
19.5,228.5,0.23197217,1.616694413666018,25
19.5,229.5,0.22671343,1.616694413666018,25
19.5,230.5,0.22312792,1.616694413666018,25
19.5,231.5,0.21857813,1.616694413666018,25
19.5,232.5,0.21253224,1.616694413666018,25
19.5,233.5,0.20340659,1.616694413666018,25
19.5,234.5,0.18854831,1.616694413666018,25
19.5,235.5,0.16742545,1.616694413666018,25
19.5,236.5,0.14280665,1.616694413666018,25
19.5,237.5,0.11789879,1.616694413666018,25
19.5,238.5,0.09243049,1.616694413666018,25
19.5,239.5,0.07089059,1.616694413666018,25
19.5,240.5,0.053149506,1.616694413666018,25
19.5,241.5,0.03914971,1.616694413666018,25
19.5,242.5,0.030570302,1.616694413666018,25
19.5,243.5,0.027268829,1.616694413666018,25
19.5,244.5,0.02747058,1.616694413666018,25
19.5,245.5,0.030890679,1.616694413666018,25
19.5,246.5,0.04343566,1.616694413666018,25
19.5,247.5,0.067413524,1.616694413666018,25
19.5,248.5,0.092057645,1.616694413666018,25
19.5,249.5,0.11336464,1.616694413666018,25
19.5,250.5,0.13407594,1.616694413666018,25
19.5,251.5,0.16010453,1.616694413666018,25
19.5,252.5,0.19594295,1.616694413666018,25
19.5,253.5,0.24109524,1.616694413666018,25
19.5,254.5,0.2821292,1.616694413666018,25
19.5,255.5,,1.616694413666018,25
19.5,256.5,,1.616694413666018,25
19.5,257.5,,1.616694413666018,25
19.5,258.5,,1.616694413666018,25
19.5,259.5,,1.616694413666018,25
19.5,260.5,,1.616694413666018,25
19.5,261.5,,1.616694413666018,25
19.5,262.5,,1.616694413666018,25
19.5,263.5,,1.616694413666018,25
19.5,264.5,-0.07861883,1.616694413666018,25
19.5,265.5,-0.08033104,1.616694413666018,25
19.5,266.5,-0.07132221,1.616694413666018,25
19.5,267.5,-0.06327081,1.616694413666018,25
19.5,268.5,-0.07868804,1.616694413666018,25
19.5,269.5,,1.616694413666018,25
19.5,270.5,,1.616694413666018,25
19.5,271.5,,1.616694413666018,25
19.5,272.5,,1.616694413666018,25
19.5,273.5,0.11040888,1.616694413666018,25
19.5,274.5,0.13344926,1.616694413666018,25
19.5,275.5,0.13082246,1.616694413666018,25
19.5,276.5,0.13280006,1.616694413666018,25
19.5,277.5,0.14529574,1.616694413666018,25
19.5,278.5,0.1572904,1.616694413666018,25
19.5,279.5,0.16602089,1.616694413666018,25
19.5,280.5,0.17452683,1.616694413666018,25
19.5,281.5,0.18547505,1.616694413666018,25
19.5,282.5,0.1976532,1.616694413666018,25
19.5,283.5,0.20771515,1.616694413666018,25
19.5,284.5,0.22701241,1.616694413666018,25
19.5,285.5,0.25242466,1.616694413666018,25
19.5,286.5,0.27346867,1.616694413666018,25
19.5,287.5,,1.616694413666018,25
19.5,288.5,,1.616694413666018,25
19.5,289.5,,1.616694413666018,25
20.5,120.5,-0.0779728,1.616694413666018,25
20.5,121.5,-0.0781421,1.616694413666018,25
20.5,122.5,-0.07612073,1.616694413666018,25
20.5,123.5,-0.06168655,1.616694413666018,25
20.5,124.5,-0.077109344,1.616694413666018,25
20.5,125.5,-0.107522376,1.616694413666018,25
20.5,126.5,-0.12833059,1.616694413666018,25
20.5,127.5,-0.14317743,1.616694413666018,25
20.5,128.5,-0.1608929,1.616694413666018,25
20.5,129.5,-0.17759548,1.616694413666018,25
20.5,130.5,-0.19835642,1.616694413666018,25
20.5,131.5,-0.21947426,1.616694413666018,25
20.5,132.5,-0.24016494,1.616694413666018,25
20.5,133.5,-0.25626346,1.616694413666018,25
20.5,134.5,-0.269816,1.616694413666018,25
20.5,135.5,-0.27902505,1.616694413666018,25
20.5,136.5,-0.2838565,1.616694413666018,25
20.5,137.5,-0.28574505,1.616694413666018,25
20.5,138.5,-0.28566703,1.616694413666018,25
20.5,139.5,-0.28343618,1.616694413666018,25
20.5,140.5,-0.2765572,1.616694413666018,25
20.5,141.5,-0.26832035,1.616694413666018,25
20.5,142.5,-0.2608275,1.616694413666018,25
20.5,143.5,-0.25559667,1.616694413666018,25
20.5,144.5,-0.25146297,1.616694413666018,25
20.5,145.5,-0.2472415,1.616694413666018,25
20.5,146.5,-0.24273029,1.616694413666018,25
20.5,147.5,-0.23827615,1.616694413666018,25
20.5,148.5,-0.232439,1.616694413666018,25
20.5,149.5,-0.22494203,1.616694413666018,25
20.5,150.5,-0.21885952,1.616694413666018,25
20.5,151.5,-0.21295933,1.616694413666018,25
20.5,152.5,-0.20670432,1.616694413666018,25
20.5,153.5,-0.20097461,1.616694413666018,25
20.5,154.5,-0.19685227,1.616694413666018,25
20.5,155.5,-0.19463067,1.616694413666018,25
20.5,156.5,-0.19346069,1.616694413666018,25
20.5,157.5,-0.1924019,1.616694413666018,25
20.5,158.5,-0.19133472,1.616694413666018,25
20.5,159.5,-0.18979926,1.616694413666018,25
20.5,160.5,-0.18786111,1.616694413666018,25
20.5,161.5,-0.1860174,1.616694413666018,25
20.5,162.5,-0.18445702,1.616694413666018,25
20.5,163.5,-0.18339033,1.616694413666018,25
20.5,164.5,-0.18299562,1.616694413666018,25
20.5,165.5,-0.18309155,1.616694413666018,25
20.5,166.5,-0.1834815,1.616694413666018,25
20.5,167.5,-0.1850518,1.616694413666018,25
20.5,168.5,-0.18689066,1.616694413666018,25
20.5,169.5,-0.18745954,1.616694413666018,25
20.5,170.5,-0.18729407,1.616694413666018,25
20.5,171.5,-0.18722379,1.616694413666018,25
20.5,172.5,-0.18770905,1.616694413666018,25
20.5,173.5,-0.18841247,1.616694413666018,25
20.5,174.5,-0.18836813,1.616694413666018,25
20.5,175.5,-0.1881292,1.616694413666018,25
20.5,176.5,-0.18890408,1.616694413666018,25
20.5,177.5,-0.19000879,1.616694413666018,25
20.5,178.5,-0.19135004,1.616694413666018,25
20.5,179.5,-0.1927423,1.616694413666018,25
20.5,180.5,-0.1929953,1.616694413666018,25
20.5,181.5,-0.19144541,1.616694413666018,25
20.5,182.5,-0.1882634,1.616694413666018,25
20.5,183.5,-0.18289755,1.616694413666018,25
20.5,184.5,-0.17454837,1.616694413666018,25
20.5,185.5,-0.16417184,1.616694413666018,25
20.5,186.5,-0.15249956,1.616694413666018,25
20.5,187.5,-0.13884707,1.616694413666018,25
20.5,188.5,-0.1238565,1.616694413666018,25
20.5,189.5,-0.10843727,1.616694413666018,25
20.5,190.5,-0.093386345,1.616694413666018,25
20.5,191.5,-0.07959455,1.616694413666018,25
20.5,192.5,-0.067865774,1.616694413666018,25
20.5,193.5,-0.053548355,1.616694413666018,25
20.5,194.5,-0.032471437,1.616694413666018,25
20.5,195.5,-0.0071890354,1.616694413666018,25
20.5,196.5,0.019694652,1.616694413666018,25
20.5,197.5,0.047113895,1.616694413666018,25
20.5,198.5,0.07466661,1.616694413666018,25
20.5,199.5,0.10166904,1.616694413666018,25
20.5,200.5,0.12728696,1.616694413666018,25
20.5,201.5,0.15208076,1.616694413666018,25
20.5,202.5,0.18143581,1.616694413666018,25
20.5,203.5,0.21073912,1.616694413666018,25
20.5,204.5,0.23826367,1.616694413666018,25
20.5,205.5,0.25654393,1.616694413666018,25
20.5,206.5,0.2676582,1.616694413666018,25
20.5,207.5,0.27946153,1.616694413666018,25
20.5,208.5,0.29502553,1.616694413666018,25
20.5,209.5,0.30956423,1.616694413666018,25
20.5,210.5,0.320214,1.616694413666018,25
20.5,211.5,0.32776695,1.616694413666018,25
20.5,212.5,0.33332622,1.616694413666018,25
20.5,213.5,0.33778542,1.616694413666018,25
20.5,214.5,0.34157744,1.616694413666018,25
20.5,215.5,0.34509137,1.616694413666018,25
20.5,216.5,0.34775335,1.616694413666018,25
20.5,217.5,0.34847233,1.616694413666018,25
20.5,218.5,0.34667274,1.616694413666018,25
20.5,219.5,0.34297958,1.616694413666018,25
20.5,220.5,0.33706552,1.616694413666018,25
20.5,221.5,0.33153397,1.616694413666018,25
20.5,222.5,0.32598194,1.616694413666018,25
20.5,223.5,0.3185678,1.616694413666018,25
20.5,224.5,0.308336,1.616694413666018,25
20.5,225.5,0.29539883,1.616694413666018,25
20.5,226.5,0.28056437,1.616694413666018,25
20.5,227.5,0.2653373,1.616694413666018,25
20.5,228.5,0.25199786,1.616694413666018,25
20.5,229.5,0.240788,1.616694413666018,25
20.5,230.5,0.23388878,1.616694413666018,25
20.5,231.5,0.22882791,1.616694413666018,25
20.5,232.5,0.22319359,1.616694413666018,25
20.5,233.5,0.21517606,1.616694413666018,25
20.5,234.5,0.20312123,1.616694413666018,25
20.5,235.5,0.18634334,1.616694413666018,25
20.5,236.5,0.16528006,1.616694413666018,25
20.5,237.5,0.14021403,1.616694413666018,25
20.5,238.5,0.11163466,1.616694413666018,25
20.5,239.5,0.08893986,1.616694413666018,25
20.5,240.5,0.07236897,1.616694413666018,25
20.5,241.5,0.062825926,1.616694413666018,25
20.5,242.5,0.060298666,1.616694413666018,25
20.5,243.5,0.06510015,1.616694413666018,25
20.5,244.5,0.076137625,1.616694413666018,25
20.5,245.5,0.09183876,1.616694413666018,25
20.5,246.5,0.11612857,1.616694413666018,25
20.5,247.5,0.1528128,1.616694413666018,25
20.5,248.5,0.18373947,1.616694413666018,25
20.5,249.5,0.20544665,1.616694413666018,25
20.5,250.5,0.21630709,1.616694413666018,25
20.5,251.5,0.22407441,1.616694413666018,25
20.5,252.5,0.23915528,1.616694413666018,25
20.5,253.5,0.26711366,1.616694413666018,25
20.5,254.5,0.29869968,1.616694413666018,25
20.5,255.5,,1.616694413666018,25
20.5,256.5,,1.616694413666018,25
20.5,257.5,,1.616694413666018,25
20.5,258.5,,1.616694413666018,25
20.5,259.5,,1.616694413666018,25
20.5,260.5,,1.616694413666018,25
20.5,261.5,,1.616694413666018,25
20.5,262.5,,1.616694413666018,25
20.5,263.5,-0.114508,1.616694413666018,25
20.5,264.5,-0.11113945,1.616694413666018,25
20.5,265.5,-0.110364586,1.616694413666018,25
20.5,266.5,-0.09913762,1.616694413666018,25
20.5,267.5,-0.08821314,1.616694413666018,25
20.5,268.5,-0.08812382,1.616694413666018,25
20.5,269.5,,1.616694413666018,25
20.5,270.5,,1.616694413666018,25
20.5,271.5,,1.616694413666018,25
20.5,272.5,,1.616694413666018,25
20.5,273.5,0.100446865,1.616694413666018,25
20.5,274.5,0.12451345,1.616694413666018,25
20.5,275.5,0.10661587,1.616694413666018,25
20.5,276.5,0.09411929,1.616694413666018,25
20.5,277.5,0.10136533,1.616694413666018,25
20.5,278.5,0.11559879,1.616694413666018,25
20.5,279.5,0.13129407,1.616694413666018,25
20.5,280.5,0.15051453,1.616694413666018,25
20.5,281.5,0.17399406,1.616694413666018,25
20.5,282.5,0.1952241,1.616694413666018,25
20.5,283.5,,1.616694413666018,25
20.5,284.5,,1.616694413666018,25
20.5,285.5,0.2493153,1.616694413666018,25
20.5,286.5,0.2616715,1.616694413666018,25
20.5,287.5,0.26416537,1.616694413666018,25
20.5,288.5,0.2549592,1.616694413666018,25
20.5,289.5,0.24199577,1.616694413666018,25
21.5,120.5,-0.056859836,1.616694413666018,25
21.5,121.5,-0.041647628,1.616694413666018,25
21.5,122.5,-0.019318618,1.616694413666018,25
21.5,123.5,-0.005333891,1.616694413666018,25
21.5,124.5,-0.01680377,1.616694413666018,25
21.5,125.5,-0.04074171,1.616694413666018,25
21.5,126.5,-0.0663226,1.616694413666018,25
21.5,127.5,-0.08976051,1.616694413666018,25
21.5,128.5,-0.11099285,1.616694413666018,25
21.5,129.5,-0.1299781,1.616694413666018,25
21.5,130.5,-0.14771824,1.616694413666018,25
21.5,131.5,-0.16658713,1.616694413666018,25
21.5,132.5,-0.18562727,1.616694413666018,25
21.5,133.5,-0.20169188,1.616694413666018,25
21.5,134.5,-0.21646109,1.616694413666018,25
21.5,135.5,-0.22842865,1.616694413666018,25
21.5,136.5,-0.23757596,1.616694413666018,25
21.5,137.5,-0.24429382,1.616694413666018,25
21.5,138.5,-0.2475665,1.616694413666018,25
21.5,139.5,-0.24577877,1.616694413666018,25
21.5,140.5,-0.23519441,1.616694413666018,25
21.5,141.5,-0.22333692,1.616694413666018,25
21.5,142.5,-0.2150284,1.616694413666018,25
21.5,143.5,-0.21174286,1.616694413666018,25
21.5,144.5,-0.21127246,1.616694413666018,25
21.5,145.5,-0.21205772,1.616694413666018,25
21.5,146.5,-0.21320616,1.616694413666018,25
21.5,147.5,-0.21316785,1.616694413666018,25
21.5,148.5,-0.21069041,1.616694413666018,25
21.5,149.5,-0.20749731,1.616694413666018,25
21.5,150.5,-0.20432779,1.616694413666018,25
21.5,151.5,-0.2009375,1.616694413666018,25
21.5,152.5,-0.19721325,1.616694413666018,25
21.5,153.5,-0.19328119,1.616694413666018,25
21.5,154.5,-0.19010961,1.616694413666018,25
21.5,155.5,-0.18840232,1.616694413666018,25
21.5,156.5,-0.18721525,1.616694413666018,25
21.5,157.5,-0.18604767,1.616694413666018,25
21.5,158.5,-0.18406676,1.616694413666018,25
21.5,159.5,-0.1828024,1.616694413666018,25
21.5,160.5,-0.18134528,1.616694413666018,25
21.5,161.5,-0.18024845,1.616694413666018,25
21.5,162.5,-0.17986466,1.616694413666018,25
21.5,163.5,-0.18025193,1.616694413666018,25
21.5,164.5,-0.18129036,1.616694413666018,25
21.5,165.5,-0.18293904,1.616694413666018,25
21.5,166.5,-0.18507095,1.616694413666018,25
21.5,167.5,-0.18752754,1.616694413666018,25
21.5,168.5,-0.19017628,1.616694413666018,25
21.5,169.5,-0.19203982,1.616694413666018,25
21.5,170.5,-0.19322369,1.616694413666018,25
21.5,171.5,-0.19401073,1.616694413666018,25
21.5,172.5,-0.19508423,1.616694413666018,25
21.5,173.5,-0.19701304,1.616694413666018,25
21.5,174.5,-0.19910616,1.616694413666018,25
21.5,175.5,-0.20117605,1.616694413666018,25
21.5,176.5,-0.20337577,1.616694413666018,25
21.5,177.5,-0.2051568,1.616694413666018,25
21.5,178.5,-0.20701185,1.616694413666018,25
21.5,179.5,-0.20961325,1.616694413666018,25
21.5,180.5,-0.21228144,1.616694413666018,25
21.5,181.5,-0.2142562,1.616694413666018,25
21.5,182.5,-0.21497108,1.616694413666018,25
21.5,183.5,-0.21323258,1.616694413666018,25
21.5,184.5,-0.20748936,1.616694413666018,25
21.5,185.5,-0.19807398,1.616694413666018,25
21.5,186.5,-0.18601705,1.616694413666018,25
21.5,187.5,-0.17130646,1.616694413666018,25
21.5,188.5,-0.15535708,1.616694413666018,25
21.5,189.5,-0.13972105,1.616694413666018,25
21.5,190.5,-0.1250597,1.616694413666018,25
21.5,191.5,-0.111015685,1.616694413666018,25
21.5,192.5,-0.09718687,1.616694413666018,25
21.5,193.5,-0.08026337,1.616694413666018,25
21.5,194.5,-0.058592167,1.616694413666018,25
21.5,195.5,-0.03180725,1.616694413666018,25
21.5,196.5,-0.0016206455,1.616694413666018,25
21.5,197.5,0.030665655,1.616694413666018,25
21.5,198.5,0.06385443,1.616694413666018,25
21.5,199.5,0.09618382,1.616694413666018,25
21.5,200.5,0.12558508,1.616694413666018,25
21.5,201.5,0.15176786,1.616694413666018,25
21.5,202.5,0.18126534,1.616694413666018,25
21.5,203.5,0.20584542,1.616694413666018,25
21.5,204.5,0.2254799,1.616694413666018,25
21.5,205.5,0.24000883,1.616694413666018,25
21.5,206.5,0.25229278,1.616694413666018,25
21.5,207.5,0.26542795,1.616694413666018,25
21.5,208.5,0.2805443,1.616694413666018,25
21.5,209.5,0.2964282,1.616694413666018,25
21.5,210.5,0.3108771,1.616694413666018,25
21.5,211.5,0.32379296,1.616694413666018,25
21.5,212.5,0.3326213,1.616694413666018,25
21.5,213.5,0.33986393,1.616694413666018,25
21.5,214.5,0.34686998,1.616694413666018,25
21.5,215.5,0.3534748,1.616694413666018,25
21.5,216.5,0.358526,1.616694413666018,25
21.5,217.5,0.36092362,1.616694413666018,25
21.5,218.5,0.36041617,1.616694413666018,25
21.5,219.5,0.3576223,1.616694413666018,25
21.5,220.5,0.3528553,1.616694413666018,25
21.5,221.5,0.34873062,1.616694413666018,25
21.5,222.5,0.34424233,1.616694413666018,25
21.5,223.5,0.33796513,1.616694413666018,25
21.5,224.5,0.32973018,1.616694413666018,25
21.5,225.5,0.31889164,1.616694413666018,25
21.5,226.5,0.3051517,1.616694413666018,25
21.5,227.5,0.28964707,1.616694413666018,25
21.5,228.5,0.27355957,1.616694413666018,25
21.5,229.5,0.25860542,1.616694413666018,25
21.5,230.5,0.24829622,1.616694413666018,25
21.5,231.5,0.2405881,1.616694413666018,25
21.5,232.5,0.23367071,1.616694413666018,25
21.5,233.5,0.22564767,1.616694413666018,25
21.5,234.5,0.21519546,1.616694413666018,25
21.5,235.5,0.20174775,1.616694413666018,25
21.5,236.5,0.18510634,1.616694413666018,25
21.5,237.5,0.1644099,1.616694413666018,25
21.5,238.5,0.14020562,1.616694413666018,25
21.5,239.5,0.12064331,1.616694413666018,25
21.5,240.5,0.10579163,1.616694413666018,25
21.5,241.5,0.10036841,1.616694413666018,25
21.5,242.5,0.10601731,1.616694413666018,25
21.5,243.5,0.1231641,1.616694413666018,25
21.5,244.5,0.15112865,1.616694413666018,25
21.5,245.5,0.1876304,1.616694413666018,25
21.5,246.5,0.23055428,1.616694413666018,25
21.5,247.5,0.28143108,1.616694413666018,25
21.5,248.5,0.31125963,1.616694413666018,25
21.5,249.5,0.31637418,1.616694413666018,25
21.5,250.5,0.29850695,1.616694413666018,25
21.5,251.5,0.27608198,1.616694413666018,25
21.5,252.5,0.26146743,1.616694413666018,25
21.5,253.5,0.2556731,1.616694413666018,25
21.5,254.5,0.2532077,1.616694413666018,25
21.5,255.5,,1.616694413666018,25
21.5,256.5,,1.616694413666018,25
21.5,257.5,,1.616694413666018,25
21.5,258.5,,1.616694413666018,25
21.5,259.5,,1.616694413666018,25
21.5,260.5,,1.616694413666018,25
21.5,261.5,,1.616694413666018,25
21.5,262.5,,1.616694413666018,25
21.5,263.5,-0.12891701,1.616694413666018,25
21.5,264.5,-0.13612339,1.616694413666018,25
21.5,265.5,-0.13429353,1.616694413666018,25
21.5,266.5,-0.12418506,1.616694413666018,25
21.5,267.5,-0.11494991,1.616694413666018,25
21.5,268.5,-0.10643176,1.616694413666018,25
21.5,269.5,-0.11221675,1.616694413666018,25
21.5,270.5,-0.111469164,1.616694413666018,25
21.5,271.5,-0.06645031,1.616694413666018,25
21.5,272.5,0.010261279,1.616694413666018,25
21.5,273.5,0.08715144,1.616694413666018,25
21.5,274.5,0.11119777,1.616694413666018,25
21.5,275.5,0.080717295,1.616694413666018,25
21.5,276.5,0.06345253,1.616694413666018,25
21.5,277.5,0.064830095,1.616694413666018,25
21.5,278.5,0.078388475,1.616694413666018,25
21.5,279.5,0.09922947,1.616694413666018,25
21.5,280.5,0.12695833,1.616694413666018,25
21.5,281.5,,1.616694413666018,25
21.5,282.5,,1.616694413666018,25
21.5,283.5,0.18063204,1.616694413666018,25
21.5,284.5,0.20139353,1.616694413666018,25
21.5,285.5,0.21311915,1.616694413666018,25
21.5,286.5,0.22306523,1.616694413666018,25
21.5,287.5,0.22768252,1.616694413666018,25
21.5,288.5,0.22565685,1.616694413666018,25
21.5,289.5,0.22032662,1.616694413666018,25
22.5,120.5,-0.03928096,1.616694413666018,25
22.5,121.5,-0.037102796,1.616694413666018,25
22.5,122.5,-0.031585466,1.616694413666018,25
22.5,123.5,-0.008311692,1.616694413666018,25
22.5,124.5,0.014574818,1.616694413666018,25
22.5,125.5,0.020114193,1.616694413666018,25
22.5,126.5,0.0010712385,1.616694413666018,25
22.5,127.5,-0.029724278,1.616694413666018,25
22.5,128.5,-0.058133535,1.616694413666018,25
22.5,129.5,-0.081107356,1.616694413666018,25
22.5,130.5,-0.09857325,1.616694413666018,25
22.5,131.5,-0.11401543,1.616694413666018,25
22.5,132.5,-0.12826563,1.616694413666018,25
22.5,133.5,-0.14151159,1.616694413666018,25
22.5,134.5,-0.15478863,1.616694413666018,25
22.5,135.5,-0.16734545,1.616694413666018,25
22.5,136.5,-0.17831844,1.616694413666018,25
22.5,137.5,-0.18685368,1.616694413666018,25
22.5,138.5,-0.19175915,1.616694413666018,25
22.5,139.5,-0.19101322,1.616694413666018,25
22.5,140.5,-0.18013144,1.616694413666018,25
22.5,141.5,-0.16725805,1.616694413666018,25
22.5,142.5,-0.16010837,1.616694413666018,25
22.5,143.5,-0.15959921,1.616694413666018,25
22.5,144.5,-0.16295145,1.616694413666018,25
22.5,145.5,-0.1683888,1.616694413666018,25
22.5,146.5,-0.17442118,1.616694413666018,25
22.5,147.5,-0.17821544,1.616694413666018,25
22.5,148.5,-0.17924532,1.616694413666018,25
22.5,149.5,-0.17905556,1.616694413666018,25
22.5,150.5,-0.17760056,1.616694413666018,25
22.5,151.5,-0.1760283,1.616694413666018,25
22.5,152.5,-0.17419548,1.616694413666018,25
22.5,153.5,-0.17202805,1.616694413666018,25
22.5,154.5,-0.17042091,1.616694413666018,25
22.5,155.5,-0.1700547,1.616694413666018,25
22.5,156.5,-0.16992094,1.616694413666018,25
22.5,157.5,-0.17061287,1.616694413666018,25
22.5,158.5,-0.16952571,1.616694413666018,25
22.5,159.5,-0.16890125,1.616694413666018,25
22.5,160.5,-0.16854744,1.616694413666018,25
22.5,161.5,-0.16842195,1.616694413666018,25
22.5,162.5,-0.1689301,1.616694413666018,25
22.5,163.5,-0.17034553,1.616694413666018,25
22.5,164.5,-0.17267269,1.616694413666018,25
22.5,165.5,-0.17582794,1.616694413666018,25
22.5,166.5,-0.17966044,1.616694413666018,25
22.5,167.5,-0.18287134,1.616694413666018,25
22.5,168.5,-0.18670107,1.616694413666018,25
22.5,169.5,-0.19026199,1.616694413666018,25
22.5,170.5,-0.19378868,1.616694413666018,25
22.5,171.5,-0.19683792,1.616694413666018,25
22.5,172.5,-0.19965956,1.616694413666018,25
22.5,173.5,-0.20326608,1.616694413666018,25
22.5,174.5,-0.2075894,1.616694413666018,25
22.5,175.5,-0.21239862,1.616694413666018,25
22.5,176.5,-0.21652828,1.616694413666018,25
22.5,177.5,-0.21942429,1.616694413666018,25
22.5,178.5,-0.2216818,1.616694413666018,25
22.5,179.5,-0.22424659,1.616694413666018,25
22.5,180.5,-0.22739671,1.616694413666018,25
22.5,181.5,-0.23067139,1.616694413666018,25
22.5,182.5,-0.23303004,1.616694413666018,25
22.5,183.5,-0.23294367,1.616694413666018,25
22.5,184.5,-0.2283896,1.616694413666018,25
22.5,185.5,-0.22032785,1.616694413666018,25
22.5,186.5,-0.210099,1.616694413666018,25
22.5,187.5,-0.19740738,1.616694413666018,25
22.5,188.5,-0.18318893,1.616694413666018,25
22.5,189.5,-0.16901587,1.616694413666018,25
22.5,190.5,-0.15557924,1.616694413666018,25
22.5,191.5,-0.14193253,1.616694413666018,25
22.5,192.5,-0.1264821,1.616694413666018,25
22.5,193.5,-0.10732902,1.616694413666018,25
22.5,194.5,-0.085645825,1.616694413666018,25
22.5,195.5,-0.05897666,1.616694413666018,25
22.5,196.5,-0.028248673,1.616694413666018,25
22.5,197.5,0.005074806,1.616694413666018,25
22.5,198.5,0.03981594,1.616694413666018,25
22.5,199.5,0.07423163,1.616694413666018,25
22.5,200.5,0.10586559,1.616694413666018,25
22.5,201.5,0.13428666,1.616694413666018,25
22.5,202.5,0.16416793,1.616694413666018,25
22.5,203.5,0.18362227,1.616694413666018,25
22.5,204.5,0.19859956,1.616694413666018,25
22.5,205.5,0.21184608,1.616694413666018,25
22.5,206.5,0.22525801,1.616694413666018,25
22.5,207.5,0.23988381,1.616694413666018,25
22.5,208.5,0.2560418,1.616694413666018,25
22.5,209.5,0.27391148,1.616694413666018,25
22.5,210.5,0.292299,1.616694413666018,25
22.5,211.5,0.3099668,1.616694413666018,25
22.5,212.5,0.3237381,1.616694413666018,25
22.5,213.5,0.33643174,1.616694413666018,25
22.5,214.5,0.34782043,1.616694413666018,25
22.5,215.5,0.35780594,1.616694413666018,25
22.5,216.5,0.36566558,1.616694413666018,25
22.5,217.5,0.3703833,1.616694413666018,25
22.5,218.5,0.37155533,1.616694413666018,25
22.5,219.5,0.3705551,1.616694413666018,25
22.5,220.5,0.3677969,1.616694413666018,25
22.5,221.5,0.3643647,1.616694413666018,25
22.5,222.5,0.3607405,1.616694413666018,25
22.5,223.5,0.35621673,1.616694413666018,25
22.5,224.5,0.3496911,1.616694413666018,25
22.5,225.5,0.33994678,1.616694413666018,25
22.5,226.5,0.32672447,1.616694413666018,25
22.5,227.5,0.31134665,1.616694413666018,25
22.5,228.5,0.29468414,1.616694413666018,25
22.5,229.5,0.27801841,1.616694413666018,25
22.5,230.5,0.26386666,1.616694413666018,25
22.5,231.5,0.25173828,1.616694413666018,25
22.5,232.5,0.24198227,1.616694413666018,25
22.5,233.5,0.23276131,1.616694413666018,25
22.5,234.5,0.22222637,1.616694413666018,25
22.5,235.5,0.21015026,1.616694413666018,25
22.5,236.5,0.19797006,1.616694413666018,25
22.5,237.5,0.184703,1.616694413666018,25
22.5,238.5,0.17023297,1.616694413666018,25
22.5,239.5,0.15737766,1.616694413666018,25
22.5,240.5,0.14861134,1.616694413666018,25
22.5,241.5,0.14971997,1.616694413666018,25
22.5,242.5,0.16471085,1.616694413666018,25
22.5,243.5,0.19518192,1.616694413666018,25
22.5,244.5,0.23979747,1.616694413666018,25
22.5,245.5,0.29407036,1.616694413666018,25
22.5,246.5,0.35257882,1.616694413666018,25
22.5,247.5,0.40894294,1.616694413666018,25
22.5,248.5,0.4326611,1.616694413666018,25
22.5,249.5,0.41501045,1.616694413666018,25
22.5,250.5,0.358827,1.616694413666018,25
22.5,251.5,0.30839795,1.616694413666018,25
22.5,252.5,0.2811573,1.616694413666018,25
22.5,253.5,0.2561035,1.616694413666018,25
22.5,254.5,0.18895002,1.616694413666018,25
22.5,255.5,,1.616694413666018,25
22.5,256.5,,1.616694413666018,25
22.5,257.5,,1.616694413666018,25
22.5,258.5,,1.616694413666018,25
22.5,259.5,,1.616694413666018,25
22.5,260.5,,1.616694413666018,25
22.5,261.5,,1.616694413666018,25
22.5,262.5,,1.616694413666018,25
22.5,263.5,-0.14600658,1.616694413666018,25
22.5,264.5,-0.15361238,1.616694413666018,25
22.5,265.5,-0.1520095,1.616694413666018,25
22.5,266.5,-0.14365065,1.616694413666018,25
22.5,267.5,-0.13505134,1.616694413666018,25
22.5,268.5,-0.12514326,1.616694413666018,25
22.5,269.5,-0.11276338,1.616694413666018,25
22.5,270.5,-0.09101813,1.616694413666018,25
22.5,271.5,-0.050474454,1.616694413666018,25
22.5,272.5,0.010916328,1.616694413666018,25
22.5,273.5,0.07392329,1.616694413666018,25
22.5,274.5,0.09081538,1.616694413666018,25
22.5,275.5,0.046568204,1.616694413666018,25
22.5,276.5,,1.616694413666018,25
22.5,277.5,,1.616694413666018,25
22.5,278.5,,1.616694413666018,25
22.5,279.5,,1.616694413666018,25
22.5,280.5,,1.616694413666018,25
22.5,281.5,0.07319328,1.616694413666018,25
22.5,282.5,0.12333627,1.616694413666018,25
22.5,283.5,0.14862539,1.616694413666018,25
22.5,284.5,0.1624666,1.616694413666018,25
22.5,285.5,0.17043915,1.616694413666018,25
22.5,286.5,0.17750114,1.616694413666018,25
22.5,287.5,0.1826466,1.616694413666018,25
22.5,288.5,0.18552499,1.616694413666018,25
22.5,289.5,0.18726143,1.616694413666018,25
23.5,120.5,,1.616694413666018,25
23.5,121.5,,1.616694413666018,25
23.5,122.5,-0.037673846,1.616694413666018,25
23.5,123.5,-0.021480132,1.616694413666018,25
23.5,124.5,-0.0027811432,1.616694413666018,25
23.5,125.5,0.019689703,1.616694413666018,25
23.5,126.5,0.028993273,1.616694413666018,25
23.5,127.5,0.018522501,1.616694413666018,25
23.5,128.5,-0.0053138067,1.616694413666018,25
23.5,129.5,-0.030421114,1.616694413666018,25
23.5,130.5,-0.05049973,1.616694413666018,25
23.5,131.5,-0.06528862,1.616694413666018,25
23.5,132.5,-0.07478729,1.616694413666018,25
23.5,133.5,-0.084679775,1.616694413666018,25
23.5,134.5,-0.09561107,1.616694413666018,25
23.5,135.5,-0.106129415,1.616694413666018,25
23.5,136.5,-0.114976786,1.616694413666018,25
23.5,137.5,-0.121829435,1.616694413666018,25
23.5,138.5,-0.12664478,1.616694413666018,25
23.5,139.5,-0.12743288,1.616694413666018,25
23.5,140.5,-0.11946277,1.616694413666018,25
23.5,141.5,-0.11034296,1.616694413666018,25
23.5,142.5,-0.106870115,1.616694413666018,25
23.5,143.5,-0.110070325,1.616694413666018,25
23.5,144.5,-0.117169596,1.616694413666018,25
23.5,145.5,-0.1252395,1.616694413666018,25
23.5,146.5,-0.13180825,1.616694413666018,25
23.5,147.5,-0.13474812,1.616694413666018,25
23.5,148.5,-0.13517371,1.616694413666018,25
23.5,149.5,-0.13561879,1.616694413666018,25
23.5,150.5,-0.1353218,1.616694413666018,25
23.5,151.5,-0.13552864,1.616694413666018,25
23.5,152.5,-0.13561663,1.616694413666018,25
23.5,153.5,-0.13502273,1.616694413666018,25
23.5,154.5,-0.13468182,1.616694413666018,25
23.5,155.5,-0.13604237,1.616694413666018,25
23.5,156.5,-0.1390043,1.616694413666018,25
23.5,157.5,-0.14330412,1.616694413666018,25
23.5,158.5,-0.14679661,1.616694413666018,25
23.5,159.5,-0.1493464,1.616694413666018,25
23.5,160.5,-0.15183705,1.616694413666018,25
23.5,161.5,-0.15370487,1.616694413666018,25
23.5,162.5,-0.15542887,1.616694413666018,25
23.5,163.5,-0.1579032,1.616694413666018,25
23.5,164.5,-0.1613862,1.616694413666018,25
23.5,165.5,-0.16492552,1.616694413666018,25
23.5,166.5,-0.16860156,1.616694413666018,25
23.5,167.5,-0.17290136,1.616694413666018,25
23.5,168.5,-0.1787098,1.616694413666018,25
23.5,169.5,-0.18422431,1.616694413666018,25
23.5,170.5,-0.18937117,1.616694413666018,25
23.5,171.5,-0.1945304,1.616694413666018,25
23.5,172.5,-0.19999674,1.616694413666018,25
23.5,173.5,-0.20591527,1.616694413666018,25
23.5,174.5,-0.2126509,1.616694413666018,25
23.5,175.5,-0.2210329,1.616694413666018,25
23.5,176.5,-0.2282901,1.616694413666018,25
23.5,177.5,-0.2336024,1.616694413666018,25
23.5,178.5,-0.2375551,1.616694413666018,25
23.5,179.5,-0.24133717,1.616694413666018,25
23.5,180.5,-0.24508579,1.616694413666018,25
23.5,181.5,-0.24850588,1.616694413666018,25
23.5,182.5,-0.25128478,1.616694413666018,25
23.5,183.5,-0.25171375,1.616694413666018,25
23.5,184.5,-0.24799688,1.616694413666018,25
23.5,185.5,-0.24175306,1.616694413666018,25
23.5,186.5,-0.23388197,1.616694413666018,25
23.5,187.5,-0.22475794,1.616694413666018,25
23.5,188.5,-0.21481423,1.616694413666018,25
23.5,189.5,-0.20426153,1.616694413666018,25
23.5,190.5,-0.1931187,1.616694413666018,25
23.5,191.5,-0.18111555,1.616694413666018,25
23.5,192.5,-0.16691826,1.616694413666018,25
23.5,193.5,-0.14851266,1.616694413666018,25
23.5,194.5,-0.12896037,1.616694413666018,25
23.5,195.5,-0.10514525,1.616694413666018,25
23.5,196.5,-0.077358484,1.616694413666018,25
23.5,197.5,-0.046882857,1.616694413666018,25
23.5,198.5,-0.014816818,1.616694413666018,25
23.5,199.5,0.017546654,1.616694413666018,25
23.5,200.5,0.048461743,1.616694413666018,25
23.5,201.5,0.07864479,1.616694413666018,25
23.5,202.5,0.10935411,1.616694413666018,25
23.5,203.5,0.1307498,1.616694413666018,25
23.5,204.5,0.14865957,1.616694413666018,25
23.5,205.5,0.1657782,1.616694413666018,25
23.5,206.5,0.18278904,1.616694413666018,25
23.5,207.5,0.20015071,1.616694413666018,25
23.5,208.5,0.21865775,1.616694413666018,25
23.5,209.5,0.23918529,1.616694413666018,25
23.5,210.5,0.26160645,1.616694413666018,25
23.5,211.5,0.2841868,1.616694413666018,25
23.5,212.5,0.3031563,1.616694413666018,25
23.5,213.5,0.32135692,1.616694413666018,25
23.5,214.5,0.33754173,1.616694413666018,25
23.5,215.5,0.35113922,1.616694413666018,25
23.5,216.5,0.36216164,1.616694413666018,25
23.5,217.5,0.3704435,1.616694413666018,25
23.5,218.5,0.37499923,1.616694413666018,25
23.5,219.5,0.377164,1.616694413666018,25
23.5,220.5,0.3767079,1.616694413666018,25
23.5,221.5,0.37469396,1.616694413666018,25
23.5,222.5,0.3721444,1.616694413666018,25
23.5,223.5,0.36916065,1.616694413666018,25
23.5,224.5,0.36461228,1.616694413666018,25
23.5,225.5,0.35709703,1.616694413666018,25
23.5,226.5,0.34582135,1.616694413666018,25
23.5,227.5,0.3312003,1.616694413666018,25
23.5,228.5,0.3132992,1.616694413666018,25
23.5,229.5,0.29433453,1.616694413666018,25
23.5,230.5,0.27673957,1.616694413666018,25
23.5,231.5,0.2603486,1.616694413666018,25
23.5,232.5,0.24684161,1.616694413666018,25
23.5,233.5,0.2358601,1.616694413666018,25
23.5,234.5,0.22556743,1.616694413666018,25
23.5,235.5,0.21503338,1.616694413666018,25
23.5,236.5,0.2061213,1.616694413666018,25
23.5,237.5,0.19974999,1.616694413666018,25
23.5,238.5,0.19465554,1.616694413666018,25
23.5,239.5,0.1906979,1.616694413666018,25
23.5,240.5,0.19207212,1.616694413666018,25
23.5,241.5,0.20430002,1.616694413666018,25
23.5,242.5,0.23169817,1.616694413666018,25
23.5,243.5,0.27473173,1.616694413666018,25
23.5,244.5,0.32846272,1.616694413666018,25
23.5,245.5,0.38335666,1.616694413666018,25
23.5,246.5,0.43308595,1.616694413666018,25
23.5,247.5,0.4596653,1.616694413666018,25
23.5,248.5,0.44577163,1.616694413666018,25
23.5,249.5,,1.616694413666018,25
23.5,250.5,0.3188188,1.616694413666018,25
23.5,251.5,0.31235352,1.616694413666018,25
23.5,252.5,0.31876433,1.616694413666018,25
23.5,253.5,,1.616694413666018,25
23.5,254.5,,1.616694413666018,25
23.5,255.5,,1.616694413666018,25
23.5,256.5,,1.616694413666018,25
23.5,257.5,,1.616694413666018,25
23.5,258.5,,1.616694413666018,25
23.5,259.5,,1.616694413666018,25
23.5,260.5,,1.616694413666018,25
23.5,261.5,,1.616694413666018,25
23.5,262.5,,1.616694413666018,25
23.5,263.5,-0.16055796,1.616694413666018,25
23.5,264.5,-0.16823149,1.616694413666018,25
23.5,265.5,-0.1680685,1.616694413666018,25
23.5,266.5,-0.16119796,1.616694413666018,25
23.5,267.5,-0.15346108,1.616694413666018,25
23.5,268.5,-0.1426683,1.616694413666018,25
23.5,269.5,-0.12666002,1.616694413666018,25
23.5,270.5,-0.102758445,1.616694413666018,25
23.5,271.5,-0.06613742,1.616694413666018,25
23.5,272.5,-0.011441193,1.616694413666018,25
23.5,273.5,0.0554984,1.616694413666018,25
23.5,274.5,0.06311757,1.616694413666018,25
23.5,275.5,0.030436173,1.616694413666018,25
23.5,276.5,0.009763259,1.616694413666018,25
23.5,277.5,-0.0030177403,1.616694413666018,25
23.5,278.5,-0.007464247,1.616694413666018,25
23.5,279.5,-0.0012130165,1.616694413666018,25
23.5,280.5,0.014050502,1.616694413666018,25
23.5,281.5,0.035906974,1.616694413666018,25
23.5,282.5,0.072346404,1.616694413666018,25
23.5,283.5,0.09838918,1.616694413666018,25
23.5,284.5,0.1157891,1.616694413666018,25
23.5,285.5,0.12580483,1.616694413666018,25
23.5,286.5,0.13250038,1.616694413666018,25
23.5,287.5,0.13717666,1.616694413666018,25
23.5,288.5,0.14085111,1.616694413666018,25
23.5,289.5,0.1438816,1.616694413666018,25
24.5,120.5,0.42442557,1.616694413666018,25
24.5,121.5,,1.616694413666018,25
24.5,122.5,-0.046162464,1.616694413666018,25
24.5,123.5,-0.026232487,1.616694413666018,25
24.5,124.5,-0.023838092,1.616694413666018,25
24.5,125.5,-0.015772467,1.616694413666018,25
24.5,126.5,0.0012401342,1.616694413666018,25
24.5,127.5,0.015984168,1.616694413666018,25
24.5,128.5,0.017977657,1.616694413666018,25
24.5,129.5,0.007041397,1.616694413666018,25
24.5,130.5,-0.009663982,1.616694413666018,25
24.5,131.5,-0.024914574,1.616694413666018,25
24.5,132.5,-0.031763438,1.616694413666018,25
24.5,133.5,-0.039011553,1.616694413666018,25
24.5,134.5,-0.047138356,1.616694413666018,25
24.5,135.5,-0.054731607,1.616694413666018,25
24.5,136.5,-0.06048089,1.616694413666018,25
24.5,137.5,-0.06443593,1.616694413666018,25
24.5,138.5,-0.067743644,1.616694413666018,25
24.5,139.5,-0.07022002,1.616694413666018,25
24.5,140.5,-0.067568794,1.616694413666018,25
24.5,141.5,-0.06329186,1.616694413666018,25
24.5,142.5,-0.062191296,1.616694413666018,25
24.5,143.5,-0.06608736,1.616694413666018,25
24.5,144.5,-0.073210396,1.616694413666018,25
24.5,145.5,-0.08056007,1.616694413666018,25
24.5,146.5,-0.08492752,1.616694413666018,25
24.5,147.5,-0.08406462,1.616694413666018,25
24.5,148.5,-0.080814466,1.616694413666018,25
24.5,149.5,-0.08111158,1.616694413666018,25
24.5,150.5,-0.08216156,1.616694413666018,25
24.5,151.5,-0.08320568,1.616694413666018,25
24.5,152.5,-0.0838648,1.616694413666018,25
24.5,153.5,-0.0845124,1.616694413666018,25
24.5,154.5,-0.08641339,1.616694413666018,25
24.5,155.5,-0.0906286,1.616694413666018,25
24.5,156.5,-0.09666805,1.616694413666018,25
24.5,157.5,-0.104478054,1.616694413666018,25
24.5,158.5,-0.11332798,1.616694413666018,25
24.5,159.5,-0.12160332,1.616694413666018,25
24.5,160.5,-0.12906846,1.616694413666018,25
24.5,161.5,-0.134371,1.616694413666018,25
24.5,162.5,-0.13763116,1.616694413666018,25
24.5,163.5,-0.14041708,1.616694413666018,25
24.5,164.5,-0.14428528,1.616694413666018,25
24.5,165.5,-0.14868048,1.616694413666018,25
24.5,166.5,-0.1532957,1.616694413666018,25
24.5,167.5,-0.1582469,1.616694413666018,25
24.5,168.5,-0.16525957,1.616694413666018,25
24.5,169.5,-0.17299175,1.616694413666018,25
24.5,170.5,-0.18021293,1.616694413666018,25
24.5,171.5,-0.18763427,1.616694413666018,25
24.5,172.5,-0.19601877,1.616694413666018,25
24.5,173.5,-0.20507525,1.616694413666018,25
24.5,174.5,-0.21514057,1.616694413666018,25
24.5,175.5,-0.22717857,1.616694413666018,25
24.5,176.5,-0.23791738,1.616694413666018,25
24.5,177.5,-0.24726826,1.616694413666018,25
24.5,178.5,-0.25513154,1.616694413666018,25
24.5,179.5,-0.2617624,1.616694413666018,25
24.5,180.5,-0.2668709,1.616694413666018,25
24.5,181.5,-0.2705147,1.616694413666018,25
24.5,182.5,-0.27351585,1.616694413666018,25
24.5,183.5,-0.2747382,1.616694413666018,25
24.5,184.5,-0.2735475,1.616694413666018,25
24.5,185.5,-0.27028,1.616694413666018,25
24.5,186.5,-0.26597425,1.616694413666018,25
24.5,187.5,-0.26085663,1.616694413666018,25
24.5,188.5,-0.25499418,1.616694413666018,25
24.5,189.5,-0.2483152,1.616694413666018,25
24.5,190.5,-0.24072225,1.616694413666018,25
24.5,191.5,-0.23203537,1.616694413666018,25
24.5,192.5,-0.22099227,1.616694413666018,25
24.5,193.5,-0.20407562,1.616694413666018,25
24.5,194.5,-0.18631975,1.616694413666018,25
24.5,195.5,-0.16702591,1.616694413666018,25
24.5,196.5,-0.1451601,1.616694413666018,25
24.5,197.5,-0.12042099,1.616694413666018,25
24.5,198.5,-0.093036816,1.616694413666018,25
24.5,199.5,-0.06386812,1.616694413666018,25
24.5,200.5,-0.03435995,1.616694413666018,25
24.5,201.5,-0.003514309,1.616694413666018,25
24.5,202.5,0.02847004,1.616694413666018,25
24.5,203.5,0.055093527,1.616694413666018,25
24.5,204.5,0.079552546,1.616694413666018,25
24.5,205.5,0.10292492,1.616694413666018,25
24.5,206.5,0.12458305,1.616694413666018,25
24.5,207.5,0.14505774,1.616694413666018,25
24.5,208.5,0.16653873,1.616694413666018,25
24.5,209.5,0.18967178,1.616694413666018,25
24.5,210.5,0.21601412,1.616694413666018,25
24.5,211.5,0.24371843,1.616694413666018,25
24.5,212.5,0.2685668,1.616694413666018,25
24.5,213.5,0.29102176,1.616694413666018,25
24.5,214.5,0.31140685,1.616694413666018,25
24.5,215.5,0.32902977,1.616694413666018,25
24.5,216.5,0.34398642,1.616694413666018,25
24.5,217.5,0.3567508,1.616694413666018,25
24.5,218.5,0.3658481,1.616694413666018,25
24.5,219.5,0.37190863,1.616694413666018,25
24.5,220.5,0.37476814,1.616694413666018,25
24.5,221.5,0.3758748,1.616694413666018,25
24.5,222.5,0.37614834,1.616694413666018,25
24.5,223.5,0.37596244,1.616694413666018,25
24.5,224.5,0.37429532,1.616694413666018,25
24.5,225.5,0.36964372,1.616694413666018,25
24.5,226.5,0.36101297,1.616694413666018,25
24.5,227.5,0.34813872,1.616694413666018,25
24.5,228.5,0.33046067,1.616694413666018,25
24.5,229.5,0.31073815,1.616694413666018,25
24.5,230.5,0.29181686,1.616694413666018,25
24.5,231.5,0.27312472,1.616694413666018,25
24.5,232.5,0.25647882,1.616694413666018,25
24.5,233.5,0.24237873,1.616694413666018,25
24.5,234.5,0.23038116,1.616694413666018,25
24.5,235.5,0.22046784,1.616694413666018,25
24.5,236.5,0.2136481,1.616694413666018,25
24.5,237.5,0.20895107,1.616694413666018,25
24.5,238.5,0.20951252,1.616694413666018,25
24.5,239.5,0.21505286,1.616694413666018,25
24.5,240.5,0.22773819,1.616694413666018,25
24.5,241.5,0.25338668,1.616694413666018,25
24.5,242.5,0.29438835,1.616694413666018,25
24.5,243.5,0.34676757,1.616694413666018,25
24.5,244.5,0.4003491,1.616694413666018,25
24.5,245.5,0.4420726,1.616694413666018,25
24.5,246.5,0.45994458,1.616694413666018,25
24.5,247.5,0.4468245,1.616694413666018,25
24.5,248.5,,1.616694413666018,25
24.5,249.5,0.2908229,1.616694413666018,25
24.5,250.5,0.29695663,1.616694413666018,25
24.5,251.5,0.3228659,1.616694413666018,25
24.5,252.5,0.34275013,1.616694413666018,25
24.5,253.5,,1.616694413666018,25
24.5,254.5,,1.616694413666018,25
24.5,255.5,,1.616694413666018,25
24.5,256.5,,1.616694413666018,25
24.5,257.5,,1.616694413666018,25
24.5,258.5,,1.616694413666018,25
24.5,259.5,,1.616694413666018,25
24.5,260.5,,1.616694413666018,25
24.5,261.5,,1.616694413666018,25
24.5,262.5,,1.616694413666018,25
24.5,263.5,-0.17391872,1.616694413666018,25
24.5,264.5,-0.181895,1.616694413666018,25
24.5,265.5,-0.1846086,1.616694413666018,25
24.5,266.5,-0.18067135,1.616694413666018,25
24.5,267.5,-0.17390816,1.616694413666018,25
24.5,268.5,-0.16387585,1.616694413666018,25
24.5,269.5,-0.14992957,1.616694413666018,25
24.5,270.5,-0.13034521,1.616694413666018,25
24.5,271.5,-0.09935215,1.616694413666018,25
24.5,272.5,-0.047453288,1.616694413666018,25
24.5,273.5,0.025750628,1.616694413666018,25
24.5,274.5,0.038190488,1.616694413666018,25
24.5,275.5,0.0066885566,1.616694413666018,25
24.5,276.5,-0.027392473,1.616694413666018,25
24.5,277.5,-0.03981139,1.616694413666018,25
24.5,278.5,-0.03681179,1.616694413666018,25
24.5,279.5,-0.030882197,1.616694413666018,25
24.5,280.5,-0.023193665,1.616694413666018,25
24.5,281.5,-0.0027737236,1.616694413666018,25
24.5,282.5,0.03627411,1.616694413666018,25
24.5,283.5,0.052917596,1.616694413666018,25
24.5,284.5,0.07299484,1.616694413666018,25
24.5,285.5,0.08497404,1.616694413666018,25
24.5,286.5,0.0880817,1.616694413666018,25
24.5,287.5,0.08889656,1.616694413666018,25
24.5,288.5,0.090511456,1.616694413666018,25
24.5,289.5,0.09229385,1.616694413666018,25
